"kingdom","recordedBy","higherClassification","stateProvince","basisOfRecord","month","decimalLongitude","phylum","references","year","startDayOfYear","taxonRank","specificEpithet","bibliographicCitation","family","countryCode","geodeticDatum","coordinateUncertaintyInMeters","higherGeography","accessRights","verbatimLocality","verbatimEventDate","day","eventID","collectionCode","occurrenceStatus","locationRemarks","coordinatePrecision","institutionCode","scientificName","class","decimalLatitude","occurrenceID","language","license","country","georeferenceVerificationStatus","modified","eventDate","identifiedBy","nomenclaturalCode","continent","genus","order","catalogNumber","endDayOfYear","georeferencedDate","institutionID","georeferenceProtocol","georeferencedBy","habitat","eventRemarks","preparations","fieldNumber","georeferenceSources","locality","collectionID","datasetName","scientificNameAuthorship","dateIdentified","georeferenceRemarks","county","associatedReferences","typeStatus","otherCatalogNumbers","establishmentMeans","individualCount","dynamicProperties","waterBody","occurrenceRemarks","samplingProtocol","island","verbatimDepth","maximumDepthInMeters","minimumDepthInMeters","footprintWKT","verbatimCoordinateSystem","identificationVerificationStatus","lifeStage","disposition","ownerInstitutionCode","islandGroup","rightsHolder","identificationRemarks","municipality","vernacularName","previousIdentifications","locationAccordingTo","sex","eventTime","locationID","organismID","datasetID","associatedMedia","recordNumber","infraspecificEpithet","verbatimLongitude","verbatimLatitude","materialSampleID","subgenus","minimumElevationInMeters","maximumElevationInMeters","namePublishedInID","scientificNameID","namePublishedInYear","namePublishedIn","verbatimCoordinates","originalNameUsage","associatedSequences","identificationQualifier","verbatimElevation","earliestAgeOrLowestStage","verbatimTaxonRank","formation","lithostratigraphicTerms","latestAgeOrHighestStage","group","member","lowestBiostratigraphicZone","highestBiostratigraphicZone","bed","earliestPeriodOrLowestSystem","earliestEpochOrLowestSeries","latestEonOrHighestEonothem","earliestEraOrLowestErathem","earliestEonOrLowestEonothem","latestEraOrHighestErathem","geologicalContextID","latestPeriodOrHighestSystem","latestEpochOrHighestSeries"
"Animalia","Diaz, H",NA,"Los Lagos","PreservedSpecimen",2,-71.971761,"Chordata","http://portal.vertnet.org/o/ku/kui?id=dc528c2f-1ed3-11e3-bfac-90b11c41863e",1976,41,"Species","trucha","University of Kansas Biodiversity Institute. KUBI Ichthyology Collection. Record ID: dc528c2f-1ed3-11e3-bfac-90b11c41863e. Source: http://ipt.nhm.ku.edu:8080/ipt/resource.do?r=kubi_ichthyology (source published on 2019-08-05)","Percichthyidae",NA,"WGS84",23037,"South America, Chile, Los Lagos","http://biodiversity.ku.edu/research/university-kansas-biodiversity-institute-data-publication-and-use-norms",NA,"1976-02-10",10,NA,"KUI",NA,NA,NA,"KU","Percichthys trucha","Actinopterygii",-43.30718,"dc528c2f-1ed3-11e3-bfac-90b11c41863e","en","http://creativecommons.org/licenses/by/4.0/deed.en_US","Chile",NA,"2015-07-08 15:38:20.0","1976-02-10",NA,NA,"South America","Percichthys","Perciformes","19290",41,NA,"http://grbio.org/cool/iakn-125z",NA,"Benito, Lorenzo","Freshwater",NA,"C&S - 1","Z19289",NA,"Curalelfu River",NA,"VertNet","(Valenciennes, 1833)",NA,"Fishnet2 georeferencer's comment: Polygon covers Futaleufu River, coordinates placed at center of polygon.",NA,NA,NA,NA,NA,NA,NA,NA,NA,NA,NA,NA,NA,NA,NA,NA,NA,NA,NA,NA,NA,NA,NA,NA,NA,NA,NA,NA,NA,NA,NA,NA,NA,NA,NA,NA,NA,NA,NA,NA,NA,NA,NA,NA,NA,NA,NA,NA,NA,NA,NA,NA,NA,NA,NA,NA,NA,NA,NA,NA,NA,NA,NA,NA,NA,NA,NA,NA,NA
"Animalia","Daniel Fernandez","Animalia; Chordata; Vertebrata; Gnathostomata [vertebrate]; Actinopterygii; Neopterygii-Teleostei-Euteleostei; Acanthopterygii-Percomorpha; Perciformes; Notothenioidei; Nototheniidae",NA,"PreservedSpecimen",12,-67.495938,"Chordata","http://collections.peabody.yale.edu/search/Record/YPM-ICH-020126",2005,354,"Genus","cornucola","Yale Peabody Museum. Vertebrate Zoology Division - Ichthyology, Yale Peabody Museum. Record ID: urn:uuid:29e5fca0-b700-46de-996c-f41aa30b95a0. Source: http://ipt.peabody.yale.edu/ipt/resource.do?r=ipt_vz_ich (source published on 2017-10-22)","Nototheniidae",NA,"WGS84",74567,"South America; Atlantic Ocean; Ushuaia Bay; Argentina; Beagle Channel","Open Access, http://creativecommons.org/publicdomain/zero/1.0/; see Yale Peabody policies at: http://hdl.handle.net/10079/8931zqj",NA,"2005-12-20/2006-01-12",20,NA,"VZ",NA,NA,NA,"YPM","Patagonotothen","Actinopterygii",-54.919751,"urn:uuid:29e5fca0-b700-46de-996c-f41aa30b95a0","en","http://creativecommons.org/publicdomain/zero/1.0/","Argentina",NA,"2017-06-01T14:53:49.000Z","2005-12-20","Kristen L. Kuhn","ICZN","South America","Patagonotothen","Perciformes","YPM ICH 020126",354,NA,NA,"digital resource","Laurent Marivaux",NA,NA,"10% form.->70% alc.; tissue in EtOH",NA,"FishNet",NA,NA,"VertNet","Balushkin, 1976",NA,NA,NA,"Det. by: Kristen L. Kuhn|Det. by: Kristen L. Kuhn",NA,NA,NA,2,"{ ""solr_long_lat"": ""-67.495938,-54.919751"" }","Atlantic Ocean; Ushuaia Bay","number 20126; lot count 2",NA,NA,NA,NA,NA,NA,NA,NA,NA,NA,"YPM",NA,"Yale Peabody Museum of Natural History",NA,"Beagle Channel","Antarctic blennies; perch-like fishes; ray-finned fishes; vertebrates; chordates; animals","Patagonotothen cornucola|Patagonotothen",NA,NA,NA,NA,NA,NA,NA,NA,NA,NA,NA,NA,NA,NA,NA,NA,NA,NA,NA,NA,NA,NA,NA,NA,NA,NA,NA,NA,NA,NA,NA,NA,NA,NA,NA,NA,NA,NA,NA,NA,NA,NA,NA
"Animalia",NA,"Animalia; Chordata; Vertebrata; Gnathostomata [vertebrate]; Actinopterygii; Neopterygii-Teleostei-Euteleostei; Acanthopterygii-Percomorpha; Perciformes; Trachinoidei; Pinguipedidae",NA,"PreservedSpecimen",1,-72.994654,"Chordata","http://collections.peabody.yale.edu/search/Record/YPM-ICH-009314",1934,17,"Species","jugularis","Yale Peabody Museum. Vertebrate Zoology Division - Ichthyology, Yale Peabody Museum. Record ID: urn:uuid:461f5c5e-2405-4319-a7de-b820b3a64877. Source: http://ipt.peabody.yale.edu/ipt/resource.do?r=ipt_vz_ich (source published on 2017-10-22)","Pinguipedidae",NA,"WGS84",551,"South America; Chile","Open Access, http://creativecommons.org/publicdomain/zero/1.0/; see Yale Peabody policies at: http://hdl.handle.net/10079/8931zqj",NA,"1934-01-17",17,NA,"VZ",NA,NA,NA,"YPM","Prolatilus jugularis","Actinopterygii",-41.60359,"urn:uuid:461f5c5e-2405-4319-a7de-b820b3a64877","en","http://creativecommons.org/publicdomain/zero/1.0/","Chile",NA,"2016-03-04T13:06:31.000Z","1934-01-17",NA,"ICZN","South America","Prolatilus","Perciformes","YPM ICH 009314",17,NA,NA,"digital resource","Laurent Marivaux",NA,NA,"10% form.->70% alc.",NA,"FishNet","Gulfo de Ancud. Capesa Wappi Island, off Puerto Montt",NA,"VertNet","(Valenciennes, 1833)",NA,NA,NA,"|Det. by: J. A. Moore",NA,NA,NA,1,"{ ""solr_long_lat"": ""-72.994654,-41.60359"" }",NA,"number 9314; lot count 1",NA,NA,NA,NA,NA,NA,NA,NA,NA,NA,"YPM",NA,"Yale Peabody Museum of Natural History",NA,NA,"sandperches; stargazers; perch-like fishes; ray-finned fishes; vertebrates; chordates; animals","Prolatilus jugularis|Parapercis chilensis",NA,NA,NA,NA,NA,NA,NA,NA,NA,NA,NA,NA,NA,NA,NA,NA,NA,NA,NA,NA,NA,NA,NA,NA,NA,NA,NA,NA,NA,NA,NA,NA,NA,NA,NA,NA,NA,NA,NA,NA,NA,NA,NA
"Animalia","Daniel Fernandez","Animalia; Chordata; Vertebrata; Gnathostomata [vertebrate]; Actinopterygii; Neopterygii-Teleostei-Euteleostei; Acanthopterygii-Percomorpha; Perciformes; Notothenioidei; Nototheniidae",NA,"PreservedSpecimen",12,-67.495938,"Chordata","http://collections.peabody.yale.edu/search/Record/YPM-ICH-020085",2005,354,"Species","cornucola","Yale Peabody Museum. Vertebrate Zoology Division - Ichthyology, Yale Peabody Museum. Record ID: urn:uuid:5db82714-21f6-41b7-83d9-4f83a5951aa0. Source: http://ipt.peabody.yale.edu/ipt/resource.do?r=ipt_vz_ich (source published on 2017-10-22)","Nototheniidae",NA,"WGS84",74567,"South America; Atlantic Ocean; Ushuaia Bay; Argentina; Beagle Channel","Open Access, http://creativecommons.org/publicdomain/zero/1.0/; see Yale Peabody policies at: http://hdl.handle.net/10079/8931zqj",NA,"2005-12-20/2006-01-12",20,NA,"VZ",NA,NA,NA,"YPM","Patagonotothen cornucola","Actinopterygii",-54.919751,"urn:uuid:5db82714-21f6-41b7-83d9-4f83a5951aa0","en","http://creativecommons.org/publicdomain/zero/1.0/","Argentina",NA,"2017-06-01T14:53:49.000Z","2005-12-20","Kristen L. Kuhn","ICZN","South America","Patagonotothen","Perciformes","YPM ICH 020085",354,NA,NA,"digital resource","Laurent Marivaux",NA,NA,"10% form.->70% alc.; tissue in EtOH; tissue in EtOH; tissue in EtOH; tissue in EtOH; tissue in EtOH; tissue in EtOH; tissue in EtOH",NA,"FishNet",NA,NA,"VertNet","(Richardson, 1844)",NA,NA,NA,"Det. by: Kristen L. Kuhn",NA,NA,NA,7,"{ ""solr_long_lat"": ""-67.495938,-54.919751"" }","Atlantic Ocean; Ushuaia Bay","number 20085; lot count 7",NA,NA,NA,NA,NA,NA,NA,NA,NA,NA,"YPM",NA,"Yale Peabody Museum of Natural History",NA,"Beagle Channel","Antarctic blennies; perch-like fishes; ray-finned fishes; vertebrates; chordates; animals","Patagonotothen cornucola",NA,NA,NA,NA,NA,NA,NA,NA,NA,NA,NA,NA,NA,NA,NA,NA,NA,NA,NA,NA,NA,NA,NA,NA,NA,NA,NA,NA,NA,NA,NA,NA,NA,NA,NA,NA,NA,NA,NA,NA,NA,NA,NA
"Animalia",NA,"Animalia; Chordata; Vertebrata; Gnathostomata [vertebrate]; Actinopterygii; Neopterygii-Teleostei-Euteleostei; Acanthopterygii-Percomorpha; Perciformes; Notothenioidei; Eleginopidae",NA,"PreservedSpecimen",3,-70.890239,"Chordata","http://collections.peabody.yale.edu/search/Record/YPM-ICH-016654",2003,66,"Species","maclovinus","Yale Peabody Museum. Vertebrate Zoology Division - Ichthyology, Yale Peabody Museum. Record ID: urn:uuid:5fd31c8d-c305-489e-bfdb-9e65bdc3d612. Source: http://ipt.peabody.yale.edu/ipt/resource.do?r=ipt_vz_ich (source published on 2017-10-22)","Eleginopidae",NA,"WGS84",5292,"South America; Chile; Punta Arenas","Open Access, http://creativecommons.org/publicdomain/zero/1.0/; see Yale Peabody policies at: http://hdl.handle.net/10079/8931zqj",NA,"2003-03-07",7,NA,"VZ",NA,NA,NA,"YPM","Eleginops maclovinus","Actinopterygii",-53.158695,"urn:uuid:5fd31c8d-c305-489e-bfdb-9e65bdc3d612","en","http://creativecommons.org/publicdomain/zero/1.0/","Chile",NA,"2016-03-04T13:06:31.000Z","2003-03-07","Jon A. Moore","ICZN","South America","Eleginops","Perciformes","YPM ICH 016654",66,NA,NA,"digital resource","Laurent Marivaux",NA,NA,"10% form.->70% alc.; tissue in EtOH; tissue in EtOH; tissue in EtOH; tissue in EtOH; tissue in EtOH; tissue in EtOH",NA,"FishNet","Punta Arenas fish market",NA,"VertNet","(Cuvier, 1830)",NA,NA,NA,"Det. by: Jon A. Moore",NA,NA,NA,6,"{ ""solr_long_lat"": ""-70.890239,-53.158695"" }",NA,"number 16654; lot count 6",NA,NA,NA,NA,NA,NA,NA,NA,NA,NA,"YPM",NA,"Yale Peabody Museum of Natural History",NA,"Punta Arenas","Antarctic blennies; perch-like fishes; ray-finned fishes; vertebrates; chordates; animals","Eleginops maclovinus",NA,NA,NA,NA,NA,NA,NA,NA,NA,NA,NA,NA,NA,NA,NA,NA,NA,NA,NA,NA,NA,NA,NA,NA,NA,NA,NA,NA,NA,NA,NA,NA,NA,NA,NA,NA,NA,NA,NA,NA,NA,NA,NA
"Animalia",NA,"Animalia; Chordata; Vertebrata; Gnathostomata [vertebrate]; Actinopterygii; Neopterygii-Teleostei-Euteleostei; Acanthopterygii-Percomorpha; Perciformes; Notothenioidei; Eleginopidae",NA,"PreservedSpecimen",1,-72.994654,"Chordata","http://collections.peabody.yale.edu/search/Record/YPM-ICH-009315",1935,17,"Species","maclovinus","Yale Peabody Museum. Vertebrate Zoology Division - Ichthyology, Yale Peabody Museum. Record ID: urn:uuid:b5f4f9b9-d05e-470a-84ec-3659a2c83d72. Source: http://ipt.peabody.yale.edu/ipt/resource.do?r=ipt_vz_ich (source published on 2017-10-22)","Eleginopidae",NA,"WGS84",551,"South America; Chile","Open Access, http://creativecommons.org/publicdomain/zero/1.0/; see Yale Peabody policies at: http://hdl.handle.net/10079/8931zqj",NA,"1935-01-17",17,NA,"VZ",NA,NA,NA,"YPM","Eleginops maclovinus","Actinopterygii",-41.60359,"urn:uuid:b5f4f9b9-d05e-470a-84ec-3659a2c83d72","en","http://creativecommons.org/publicdomain/zero/1.0/","Chile",NA,"2017-10-18T13:11:54.000Z","1935-01-17","J. A. Moore","ICZN","South America","Eleginops","Perciformes","YPM ICH 009315",17,NA,NA,"digital resource","Laurent Marivaux",NA,NA,"10% form.->70% alc.",NA,"FishNet","Gulfo de Ancud. Capesa Wappi Island, off Puerto Montt",NA,"VertNet","(Cuvier, 1830)",NA,NA,NA,"Det. by: J. A. Moore",NA,NA,NA,2,"{ ""solr_long_lat"": ""-72.994654,-41.60359"" }",NA,"number 9315; lot count 2",NA,NA,NA,NA,NA,NA,NA,NA,NA,NA,"YPM",NA,"Yale Peabody Museum of Natural History",NA,NA,"Antarctic blennies; perch-like fishes; ray-finned fishes; vertebrates; chordates; animals","Eleginops maclovinus",NA,NA,NA,NA,NA,NA,NA,NA,NA,NA,NA,NA,NA,NA,NA,NA,NA,NA,NA,NA,NA,NA,NA,NA,NA,NA,NA,NA,NA,NA,NA,NA,NA,NA,NA,NA,NA,NA,NA,NA,NA,NA,NA
"Animalia","Daniel Fernandez","Animalia; Chordata; Vertebrata; Gnathostomata [vertebrate]; Actinopterygii; Neopterygii-Teleostei-Euteleostei; Acanthopterygii-Percomorpha; Perciformes; Notothenioidei; Nototheniidae",NA,"PreservedSpecimen",12,-67.495938,"Chordata","http://collections.peabody.yale.edu/search/Record/YPM-ICH-020127",2005,354,"Species","longipes","Yale Peabody Museum. Vertebrate Zoology Division - Ichthyology, Yale Peabody Museum. Record ID: urn:uuid:d24c7ba1-f3c8-4259-a1d2-0cf7fb3c3da7. Source: http://ipt.peabody.yale.edu/ipt/resource.do?r=ipt_vz_ich (source published on 2017-10-22)","Nototheniidae",NA,"WGS84",74567,"South America; Atlantic Ocean; Ushuaia Bay; Argentina; Beagle Channel","Open Access, http://creativecommons.org/publicdomain/zero/1.0/; see Yale Peabody policies at: http://hdl.handle.net/10079/8931zqj",NA,"2005-12-20/2006-01-12",20,NA,"VZ",NA,NA,NA,"YPM","Patagonotothen longipes","Actinopterygii",-54.919751,"urn:uuid:d24c7ba1-f3c8-4259-a1d2-0cf7fb3c3da7","en","http://creativecommons.org/publicdomain/zero/1.0/","Argentina",NA,"2016-05-13T08:17:13.000Z","2005-12-20","Kristen L. Kuhn","ICZN","South America","Patagonotothen","Perciformes","YPM ICH 020127",354,NA,NA,"digital resource","Laurent Marivaux",NA,NA,"10% form.->70% alc.; tissue in EtOH; tissue in EtOH; tissue in EtOH; tissue in EtOH; tissue in EtOH; tissue in EtOH",NA,"FishNet",NA,NA,"VertNet","(Steindachner, 1876)",NA,NA,NA,"Det. by: Kristen L. Kuhn",NA,NA,NA,6,"{ ""solr_long_lat"": ""-67.495938,-54.919751"" }","Atlantic Ocean; Ushuaia Bay","number 20127; lot count 6",NA,NA,NA,NA,NA,NA,NA,NA,NA,NA,"YPM",NA,"Yale Peabody Museum of Natural History",NA,"Beagle Channel","Antarctic blennies; perch-like fishes; ray-finned fishes; vertebrates; chordates; animals","Patagonotothen longipes",NA,NA,NA,NA,NA,NA,NA,NA,NA,NA,NA,NA,NA,NA,NA,NA,NA,NA,NA,NA,NA,NA,NA,NA,NA,NA,NA,NA,NA,NA,NA,NA,NA,NA,NA,NA,NA,NA,NA,NA,NA,NA,NA
"Animalia","Thomas J. Near","Animalia; Chordata; Vertebrata; Gnathostomata [vertebrate]; Actinopterygii; Neopterygii-Teleostei-Euteleostei; Acanthopterygii-Percomorpha; Perciformes; Notothenioidei; Eleginopidae",NA,"PreservedSpecimen",2,-70.890239,"Chordata","http://collections.peabody.yale.edu/search/Record/YPM-ICH-016549",2006,46,"Species","maclovinus","Yale Peabody Museum. Vertebrate Zoology Division - Ichthyology, Yale Peabody Museum. Record ID: urn:uuid:d6a924b3-4d57-4614-b36f-7e1c675352ec. Source: http://ipt.peabody.yale.edu/ipt/resource.do?r=ipt_vz_ich (source published on 2017-10-22)","Eleginopidae",NA,"WGS84",5292,"South America; Chile; Punta Arenas","Open Access, http://creativecommons.org/publicdomain/zero/1.0/; see Yale Peabody policies at: http://hdl.handle.net/10079/8931zqj",NA,"2006-02-15",15,NA,"VZ",NA,NA,NA,"YPM","Eleginops maclovinus","Actinopterygii",-53.158695,"urn:uuid:d6a924b3-4d57-4614-b36f-7e1c675352ec","en","http://creativecommons.org/publicdomain/zero/1.0/","Chile",NA,"2016-03-04T13:06:31.000Z","2006-02-15","Jon A. Moore","ICZN","South America","Eleginops","Perciformes","YPM ICH 016549",46,NA,NA,"digital resource","Laurent Marivaux",NA,NA,"10% form.->70% alc.; tissue in EtOH; tissue in EtOH; tissue in EtOH",NA,"FishNet","Punta Arenas fish market",NA,"VertNet","(Cuvier, 1830)",NA,NA,NA,"Det. by: Jon A. Moore",NA,NA,NA,3,"{ ""solr_long_lat"": ""-70.890239,-53.158695"" }",NA,"number 16549; lot count 3",NA,NA,NA,NA,NA,NA,NA,NA,NA,NA,"YPM",NA,"Yale Peabody Museum of Natural History",NA,"Punta Arenas","Antarctic blennies; perch-like fishes; ray-finned fishes; vertebrates; chordates; animals","Eleginops maclovinus",NA,NA,NA,NA,NA,NA,NA,NA,NA,NA,NA,NA,NA,NA,NA,NA,NA,NA,NA,NA,NA,NA,NA,NA,NA,NA,NA,NA,NA,NA,NA,NA,NA,NA,NA,NA,NA,NA,NA,NA,NA,NA,NA
"Animalia","Kristen L. Kuhn, Jon A. Moore, Jillian N. Pennington","Animalia; Chordata; Vertebrata; Gnathostomata [vertebrate]; Actinopterygii; Neopterygii-Teleostei-Euteleostei; Acanthopterygii-Atherinomorpha; Atheriniformes; Atherinoidei; Atherinidae",NA,"PreservedSpecimen",2,-70.890239,"Chordata","http://collections.peabody.yale.edu/search/Record/YPM-ICH-022629",2009,35,"Species","regia","Yale Peabody Museum. Vertebrate Zoology Division - Ichthyology, Yale Peabody Museum. Record ID: urn:uuid:e4bbdc9e-c32e-4a50-81a2-97a04338145d. Source: http://ipt.peabody.yale.edu/ipt/resource.do?r=ipt_vz_ich (source published on 2017-10-22)","Atherinidae",NA,"WGS84",5292,"South America; Chile; Punta Arenas","Open Access, http://creativecommons.org/publicdomain/zero/1.0/; see Yale Peabody policies at: http://hdl.handle.net/10079/8931zqj",NA,"2009-02-04",4,NA,"VZ",NA,NA,NA,"YPM","Odontesthes regia","Actinopterygii",-53.158695,"urn:uuid:e4bbdc9e-c32e-4a50-81a2-97a04338145d","en","http://creativecommons.org/publicdomain/zero/1.0/","Chile",NA,"2016-03-04T13:06:31.000Z","2009-02-04","Jon A. Moore","ICZN","South America","Odontesthes","Atheriniformes","YPM ICH 022629",35,NA,NA,"digital resource","Laurent Marivaux",NA,NA,"10% form.->70% alc.; tissue in EtOH",NA,"FishNet","Brunswick Peninsula: Punta Arenas Fish Market",NA,"VertNet","(von Humboldt, 1821)",NA,NA,NA,"Det. by: Jon A. Moore",NA,NA,NA,1,"{ ""solr_long_lat"": ""-70.890239,-53.158695"" }",NA,"number 22629; lot count 1",NA,NA,NA,NA,NA,NA,NA,NA,NA,NA,"YPM",NA,"Yale Peabody Museum of Natural History",NA,"Punta Arenas","Old World silversides; silversides; ray-finned fishes; vertebrates; chordates; animals","Odontesthes regia",NA,NA,NA,NA,NA,NA,NA,NA,NA,NA,NA,NA,NA,NA,NA,NA,NA,NA,NA,NA,NA,NA,NA,NA,NA,NA,NA,NA,NA,NA,NA,NA,NA,NA,NA,NA,NA,NA,NA,NA,NA,NA,NA
"Animalia","Beheregaray, Luciano B. - Macquarie University - School of Biological Sciences","| Chordata |  |  | Atherinidae | Odontesthes",NA,"PreservedSpecimen",8,-72.93694,"Chordata","http://portal.vertnet.org/o/am/ichthyology?id=9a06c6a1-c09a-4e03-9496-8c1bea2c0199",1997,226,"species","regia","Australian Museum. Australian Museum provider for OZCAM. Record ID: 9a06c6a1-c09a-4e03-9496-8c1bea2c0199. Source: http://collections.ala.org.au/public/show/dr340 (source published on 2015-01-07)","Atherinopsidae","CL","not recorded (forced WGS84)",10000,"| Chile |  |  |  |  |  |","http://vertnet.org/resources/norms.html","Chile","1997-08-14",14,"urn:australianmuseum.net.au:Events:8065702","Ichthyology","present","""ecatalogue.LocCollectionEventLocal: ""[I.44107] Chile, Puerto Montt (41° 28' 18"" S, 72° 56' 13"" W) 14/08/1997 - 14/08/1997, Beheregaray, Luciano B. - Macquarie University - School of Biological Sciences(Collector), unknown, Field Collected - Aquatic"";""",1e-05,"AM","Odontesthes regia","Actinopterygii",-41.47166,"9a06c6a1-c09a-4e03-9496-8c1bea2c0199","en","CCBY","Chile","requires verification","2015-01-07","1997-08-14","Beheregaray, Luciano B. - Macquarie University - School of Biological Sciences","ICZN","South America","Odontesthes","Atheriniformes","I.44107-001",226,NA,NA,NA,NA,NA,NA,NA,NA,NA,NA,NA,"VertNet",NA,1997,NA,NA,NA,NA,NA,NA,NA,NA,NA,NA,NA,NA,NA,NA,NA,NA,NA,NA,NA,NA,NA,NA,NA,NA,NA,NA,NA,NA,NA,NA,NA,NA,NA,NA,NA,NA,NA,NA,NA,NA,NA,NA,NA,NA,NA,NA,NA,NA,NA,NA,NA,NA,NA,NA,NA,NA,NA,NA,NA,NA,NA,NA,NA,NA,NA,NA,NA,NA,NA,NA
"Animalia","Arratia, Gloria; Diaz, H",NA,"Los Lagos","PreservedSpecimen",11,-72.759293,"Chordata","http://portal.vertnet.org/o/ku/kui?id=dc52080a-1ed3-11e3-bfac-90b11c41863e",1976,324,"Species","camposensis","University of Kansas Biodiversity Institute. KUBI Ichthyology Collection. Record ID: dc52080a-1ed3-11e3-bfac-90b11c41863e. Source: http://ipt.nhm.ku.edu:8080/ipt/resource.do?r=kubi_ichthyology (source published on 2019-08-05)","Diplomystidae",NA,"WGS84",242554,"South America, Chile, Los Lagos","http://biodiversity.ku.edu/research/university-kansas-biodiversity-institute-data-publication-and-use-norms",NA,"1976-11-19",19,NA,"KUI",NA,NA,NA,"KU","Diplomystes camposensis","Actinopterygii",-42.298122,"dc52080a-1ed3-11e3-bfac-90b11c41863e","en","http://creativecommons.org/licenses/by/4.0/deed.en_US","Chile",NA,"2018-07-30 16:49:02.0","1976-11-19","Arratia, Gloria",NA,"South America","Diplomystes","Siluriformes","19210",324,NA,"http://grbio.org/cool/iakn-125z",NA,"Benito, Lorenzo","Freshwater",NA,"C&S - 1","Z19210",NA,"Purey River",NA,"VertNet","Arratia, 1987",1987,"Fishnet2 georeferencer's comment: Polygon covers Region of Los Lagos, coordinates placed at center of polygon. Rio Purey not found.",NA,"| http://onlinelibrary.wiley.com/doi/10.1002/jmor.1052050208/abstract| http://onlinelibrary.wiley.com/doi/10.1002/jmor.1052030302/abstract| http://onlinelibrary.wiley.com/doi/10.1002/jmor.1052080102/abstract| https://peerj.com/articles/2991/|","Paratype",NA,NA,NA,NA,NA,NA,NA,NA,NA,NA,NA,NA,NA,NA,NA,NA,NA,NA,NA,NA,NA,NA,NA,NA,NA,NA,NA,NA,NA,NA,NA,NA,NA,NA,NA,NA,NA,NA,NA,NA,NA,NA,NA,NA,NA,NA,NA,NA,NA,NA,NA,NA,NA,NA,NA,NA,NA,NA,NA,NA,NA,NA,NA,NA,NA,NA
"Animalia","Arratia, Gloria; Diaz, H",NA,"Los Lagos","PreservedSpecimen",2,-71.971761,"Chordata","http://portal.vertnet.org/o/ku/kui?id=dc5211e2-1ed3-11e3-bfac-90b11c41863e",1976,52,"Species","areolatus","University of Kansas Biodiversity Institute. KUBI Ichthyology Collection. Record ID: dc5211e2-1ed3-11e3-bfac-90b11c41863e. Source: http://ipt.nhm.ku.edu:8080/ipt/resource.do?r=kubi_ichthyology (source published on 2019-08-05)","Trichomycteridae",NA,"WGS84",23037,"South America, Chile, Los Lagos","http://biodiversity.ku.edu/research/university-kansas-biodiversity-institute-data-publication-and-use-norms",NA,"1976-02-21",21,NA,"KUI",NA,NA,NA,"KU","Trichomycterus areolatus","Actinopterygii",-43.30718,"dc5211e2-1ed3-11e3-bfac-90b11c41863e","en","http://creativecommons.org/licenses/by/4.0/deed.en_US","Chile",NA,"2015-02-06 13:22:53.0","1976-02-21",NA,NA,"South America","Trichomycterus","Siluriformes","19217",52,NA,"http://grbio.org/cool/iakn-125z",NA,"Benito, Lorenzo","Freshwater",NA,"EtOH - 5","Z19257",NA,"Curalufu River",NA,"VertNet","Valenciennes, 1846",NA,"Fishnet2 georeferencer's comment: Polygon covers Futaleufu River, coordinates placed at center of polygon.",NA,"https://www.researchgate.net/profile/Gloria_Arratia/publication/258821141_Arratia_G_Silvinichthys_a_new_genus_of_trichomycterid_catfishes_from_the_Argentinean_Andes_with_redescription_of_Trichomycterus_nigricans_Ichthyological_Exploration_of_Freshwaters/links/53e0f38d0cf2d79877a50f74.pdf",NA,NA,NA,NA,NA,NA,NA,NA,NA,NA,NA,NA,NA,NA,NA,NA,NA,NA,NA,NA,NA,NA,NA,NA,NA,NA,NA,NA,NA,NA,NA,NA,NA,NA,NA,NA,NA,NA,NA,NA,NA,NA,NA,NA,NA,NA,NA,NA,NA,NA,NA,NA,NA,NA,NA,NA,NA,NA,NA,NA,NA,NA,NA,NA,NA,NA,NA
"Animalia","Arratia, Gloria; Diaz, H",NA,"Los Lagos","PreservedSpecimen",2,-71.971761,"Chordata","http://portal.vertnet.org/o/ku/kui?id=dc526799-1ed3-11e3-bfac-90b11c41863e",1976,52,"Species","camposensis","University of Kansas Biodiversity Institute. KUBI Ichthyology Collection. Record ID: dc526799-1ed3-11e3-bfac-90b11c41863e. Source: http://ipt.nhm.ku.edu:8080/ipt/resource.do?r=kubi_ichthyology (source published on 2019-08-05)","Diplomystidae",NA,"WGS84",23037,"South America, Chile, Los Lagos","http://biodiversity.ku.edu/research/university-kansas-biodiversity-institute-data-publication-and-use-norms",NA,"1976-02-21",21,NA,"KUI",NA,NA,NA,"KU","Diplomystes camposensis","Actinopterygii",-43.30718,"dc526799-1ed3-11e3-bfac-90b11c41863e","en","http://creativecommons.org/licenses/by/4.0/deed.en_US","Chile",NA,"2016-03-30 15:09:11.0","1976-02-21","Arratia, Gloria",NA,"South America","Diplomystes","Siluriformes","19257",52,NA,"http://grbio.org/cool/iakn-125z",NA,"Benito, Lorenzo","Freshwater",NA,"EtOH - 1","Z19257",NA,"Curalufu River",NA,"VertNet","Arratia, 1987",1987,"Fishnet2 georeferencer's comment: Polygon covers Futaleufu River, coordinates placed at center of polygon.",NA,NA,"Paratype",NA,NA,NA,NA,NA,NA,NA,NA,NA,NA,NA,NA,NA,NA,NA,NA,NA,NA,NA,NA,NA,NA,NA,NA,NA,NA,NA,NA,NA,NA,NA,NA,NA,NA,NA,NA,NA,NA,NA,NA,NA,NA,NA,NA,NA,NA,NA,NA,NA,NA,NA,NA,NA,NA,NA,NA,NA,NA,NA,NA,NA,NA,NA,NA,NA,NA
"Animalia","Diaz, H",NA,"Los Lagos","PreservedSpecimen",2,-71.971761,"Chordata","http://portal.vertnet.org/o/ku/kui?id=dc528ad4-1ed3-11e3-bfac-90b11c41863e",1976,41,"Species","trucha","University of Kansas Biodiversity Institute. KUBI Ichthyology Collection. Record ID: dc528ad4-1ed3-11e3-bfac-90b11c41863e. Source: http://ipt.nhm.ku.edu:8080/ipt/resource.do?r=kubi_ichthyology (source published on 2019-08-05)","Percichthyidae",NA,"WGS84",23037,"South America, Chile, Los Lagos","http://biodiversity.ku.edu/research/university-kansas-biodiversity-institute-data-publication-and-use-norms",NA,"1976-02-10",10,NA,"KUI",NA,NA,NA,"KU","Percichthys trucha","Actinopterygii",-43.30718,"dc528ad4-1ed3-11e3-bfac-90b11c41863e","en","http://creativecommons.org/licenses/by/4.0/deed.en_US","Chile",NA,"2003-10-06 10:07:40.0","1976-02-10",NA,NA,"South America","Percichthys","Perciformes","19289",41,NA,"http://grbio.org/cool/iakn-125z",NA,"Benito, Lorenzo","Freshwater",NA,"C&S - 1","Z19289",NA,"Curalelfu River",NA,"VertNet","(Valenciennes, 1833)",NA,"Fishnet2 georeferencer's comment: Polygon covers Futaleufu River, coordinates placed at center of polygon.",NA,NA,NA,NA,NA,NA,NA,NA,NA,NA,NA,NA,NA,NA,NA,NA,NA,NA,NA,NA,NA,NA,NA,NA,NA,NA,NA,NA,NA,NA,NA,NA,NA,NA,NA,NA,NA,NA,NA,NA,NA,NA,NA,NA,NA,NA,NA,NA,NA,NA,NA,NA,NA,NA,NA,NA,NA,NA,NA,NA,NA,NA,NA,NA,NA,NA,NA,NA,NA
"Animalia","Eltanin",NA,NA,"PreservedSpecimen",3,-70.877879,"Chordata","http://portal.vertnet.org/o/lacm/fish?id=15a4b9d7-9801-4bc9-91d8-a1a8f97fa619",1966,89,"species","depressiceps","Natural History Museum of Los Angeles County. LACM Vertebrate Collection. Record ID: 15A4B9D7-9801-4BC9-91D8-A1A8F97FA619. Source: http://ipt.vertnet.org:8080/ipt/resource.do?r=lacm_verts (source published on 2019-10-03)","Zoarcidae","CL","not recorded (forced WGS84)",5292,"Southeastern Pacific | Chile | - | - |  |  |  |","http://vertnet.org/resources/norms.html","Southeastern Pacific | Chile | - | - | Strait of Magellan, Punta Arenas, intertidal","3/30/1966",30,NA,"Fish","present",NA,NA,"LACM","Austrolycus depressiceps","Actinopterygii",-53.161165,"15A4B9D7-9801-4BC9-91D8-A1A8F97FA619","en","https://creativecommons.org/publicdomain/zero/1.0","Chile","requires verification","2018-10-08","1966-03-30","R. Feeney, 10 Oct 2007","ICZN","South America","Austrolycus","Perciformes","26550",89,NA,"http://biocol.org/urn:lsid:biocol:org:34802",NA,NA,NA,NA,NA,"Elt.",NA,"Strait of Magellan, Punta Arenas, intertidal","http://biocol.org/urn:lsid:biocol:org:34804","VertNet",NA,NA,"Coordinates at Punta Arenas (Sandy Point).",NA,NA,NA,NA,NA,1,"{""length"":""200 TL"",""vessel"":""Eltanin"" }","South Pacific Ocean",NA,NA,NA,NA,NA,NA,NA,NA,NA,NA,NA,NA,NA,NA,NA,NA,NA,NA,NA,NA,NA,NA,NA,NA,NA,NA,NA,NA,NA,NA,NA,NA,NA,NA,NA,NA,NA,NA,NA,NA,NA,NA,NA,NA,NA,NA,NA,NA,NA,NA,NA,NA,NA,NA,NA,NA,NA,NA,NA,NA,NA
"Animalia",NA,"Animalia; Chordata; Vertebrata; Gnathostomata [vertebrate]; Actinopterygii; Neopterygii-Teleostei-Euteleostei; Acanthopterygii-Percomorpha; Perciformes; Blennioidei; Clinidae",NA,"PreservedSpecimen",1,-72.992057,"Chordata","http://collections.peabody.yale.edu/search/Record/YPM-ICH-009339",1935,18,"Species","cristatus","Yale Peabody Museum. Vertebrate Zoology Division - Ichthyology, Yale Peabody Museum. Record ID: urn:uuid:2548aba1-75a2-430d-bddd-1d5d9c367bd5. Source: http://ipt.peabody.yale.edu/ipt/resource.do?r=ipt_vz_ich (source published on 2017-10-22)","Clinidae",NA,"WGS84",2878,"South America; Pacific Ocean; Chile; Gulfo de Ancud","Open Access, http://creativecommons.org/publicdomain/zero/1.0/; see Yale Peabody policies at: http://hdl.handle.net/10079/8931zqj",NA,"1935-01-18",18,NA,"VZ",NA,NA,NA,"YPM","Myxodes cristatus","Actinopterygii",-41.574044,"urn:uuid:2548aba1-75a2-430d-bddd-1d5d9c367bd5","en","http://creativecommons.org/publicdomain/zero/1.0/","Chile",NA,"2016-03-04T13:06:31.000Z","1935-01-18","J. A. Moore","ICZN","South America","Myxodes","Perciformes","YPM ICH 009339",18,NA,NA,"digital resource","Laurent Marivaux",NA,NA,"10% form.->70% alc.",NA,"FishNet","Maillen Island, 9 miles from Puerto Montt",NA,"VertNet","Valenciennes, 1836",NA,NA,NA,"Det. by: J. A. Moore",NA,NA,NA,1,"{ ""solr_long_lat"": ""-72.992057,-41.574044"" }","Pacific Ocean","number 9339; lot count 1",NA,NA,"11 m",NA,11,NA,NA,NA,NA,NA,"YPM",NA,"Yale Peabody Museum of Natural History",NA,"Gulfo de Ancud","clinids; blennies; perch-like fishes; ray-finned fishes; vertebrates; chordates; animals","Myxodes cristatus",NA,NA,NA,NA,NA,NA,NA,NA,NA,NA,NA,NA,NA,NA,NA,NA,NA,NA,NA,NA,NA,NA,NA,NA,NA,NA,NA,NA,NA,NA,NA,NA,NA,NA,NA,NA,NA,NA,NA,NA,NA,NA,NA
"Animalia",NA,"Animalia; Chordata; Vertebrata; Gnathostomata [vertebrate]; Actinopterygii; Gobiesociformes; Gobiesocoidei; Gobiesocidae",NA,"PreservedSpecimen",1,-72.992057,"Chordata","http://collections.peabody.yale.edu/search/Record/YPM-ICH-009333",1935,17,"Species","marmoratus","Yale Peabody Museum. Vertebrate Zoology Division - Ichthyology, Yale Peabody Museum. Record ID: urn:uuid:7e04dead-dbcc-4e59-bdcc-1b5a2ead939a. Source: http://ipt.peabody.yale.edu/ipt/resource.do?r=ipt_vz_ich (source published on 2017-10-22)","Gobiesocidae",NA,"WGS84",2878,"South America; Pacific Ocean; Chile; Gulfo de Ancud","Open Access, http://creativecommons.org/publicdomain/zero/1.0/; see Yale Peabody policies at: http://hdl.handle.net/10079/8931zqj",NA,"1935-01-17/1935-01-18",17,NA,"VZ",NA,NA,NA,"YPM","Gobiesox marmoratus","Actinopterygii",-41.574044,"urn:uuid:7e04dead-dbcc-4e59-bdcc-1b5a2ead939a","en","http://creativecommons.org/publicdomain/zero/1.0/","Chile",NA,"2016-03-04T13:06:31.000Z","1935-01-17","J. A. Moore","ICZN","South America","Gobiesox","Gobiesociformes","YPM ICH 009333",17,NA,NA,"digital resource","Laurent Marivaux",NA,NA,"10% form.->70% alc.",NA,"FishNet","Maillen Island, 9 miles from Puerto Montt",NA,"VertNet","Jenyns, 1842",NA,NA,NA,"Det. by: J. A. Moore",NA,NA,NA,1,"{ ""solr_long_lat"": ""-72.992057,-41.574044"" }","Pacific Ocean","number 9333; lot count 1",NA,NA,NA,NA,NA,NA,NA,NA,NA,NA,"YPM",NA,"Yale Peabody Museum of Natural History",NA,"Gulfo de Ancud","clingfishes; ray-finned fishes; vertebrates; chordates; animals","Gobiesox marmoratus",NA,NA,NA,NA,NA,NA,NA,NA,NA,NA,NA,NA,NA,NA,NA,NA,NA,NA,NA,NA,NA,NA,NA,NA,NA,NA,NA,NA,NA,NA,NA,NA,NA,NA,NA,NA,NA,NA,NA,NA,NA,NA,NA
"Animalia","Daniel Fernandez","Animalia; Chordata; Vertebrata; Gnathostomata [vertebrate]; Actinopterygii; Neopterygii-Teleostei-Euteleostei; Acanthopterygii-Percomorpha; Perciformes; Notothenioidei; Nototheniidae",NA,"PreservedSpecimen",12,-67.495938,"Chordata","http://collections.peabody.yale.edu/search/Record/YPM-ICH-020125",2005,354,"Species","sima","Yale Peabody Museum. Vertebrate Zoology Division - Ichthyology, Yale Peabody Museum. Record ID: urn:uuid:a95fa259-50b4-4f8a-9648-cd22c0f6c532. Source: http://ipt.peabody.yale.edu/ipt/resource.do?r=ipt_vz_ich (source published on 2017-10-22)","Nototheniidae",NA,"WGS84",74567,"South America; Atlantic Ocean; Ushuaia Bay; Argentina; Beagle Channel","Open Access, http://creativecommons.org/publicdomain/zero/1.0/; see Yale Peabody policies at: http://hdl.handle.net/10079/8931zqj",NA,"2005-12-20/2006-01-12",20,NA,"VZ",NA,NA,NA,"YPM","Patagonotothen sima","Actinopterygii",-54.919751,"urn:uuid:a95fa259-50b4-4f8a-9648-cd22c0f6c532","en","http://creativecommons.org/publicdomain/zero/1.0/","Argentina",NA,"2016-03-04T13:06:31.000Z","2005-12-20","Kristen L. Kuhn","ICZN","South America","Patagonotothen","Perciformes","YPM ICH 020125",354,NA,NA,"digital resource","Laurent Marivaux",NA,NA,"10% form.->70% alc.; tissue in EtOH; tissue in EtOH; tissue in EtOH; tissue in EtOH",NA,"FishNet",NA,NA,"VertNet","(Richardson, 1845)",NA,NA,NA,"Det. by: Kristen L. Kuhn",NA,NA,NA,4,"{ ""solr_long_lat"": ""-67.495938,-54.919751"" }","Atlantic Ocean; Ushuaia Bay","number 20125; lot count 4",NA,NA,NA,NA,NA,NA,NA,NA,NA,NA,"YPM",NA,"Yale Peabody Museum of Natural History",NA,"Beagle Channel","Antarctic blennies; perch-like fishes; ray-finned fishes; vertebrates; chordates; animals","Patagonotothen sima",NA,NA,NA,NA,NA,NA,NA,NA,NA,NA,NA,NA,NA,NA,NA,NA,NA,NA,NA,NA,NA,NA,NA,NA,NA,NA,NA,NA,NA,NA,NA,NA,NA,NA,NA,NA,NA,NA,NA,NA,NA,NA,NA
"Animalia",NA,"Animalia; Chordata; Vertebrata; Gnathostomata [vertebrate]; Actinopterygii; Neopterygii-Teleostei-Euteleostei; Acanthopterygii-Percomorpha; Perciformes; Gobioidei; Gobiidae",NA,"PreservedSpecimen",1,-72.992057,"Chordata","http://collections.peabody.yale.edu/search/Record/YPM-ICH-009332",1935,18,"Species","jenynsi","Yale Peabody Museum. Vertebrate Zoology Division - Ichthyology, Yale Peabody Museum. Record ID: urn:uuid:df8f5d92-3463-4b38-963c-358e940381e7. Source: http://ipt.peabody.yale.edu/ipt/resource.do?r=ipt_vz_ich (source published on 2017-10-22)","Gobiidae",NA,"WGS84",2878,"South America; Pacific Ocean; Chile; Gulfo de Ancud","Open Access, http://creativecommons.org/publicdomain/zero/1.0/; see Yale Peabody policies at: http://hdl.handle.net/10079/8931zqj",NA,"1935-01-18",18,NA,"VZ",NA,NA,NA,"YPM","Ophiogobius jenynsi","Actinopterygii",-41.574044,"urn:uuid:df8f5d92-3463-4b38-963c-358e940381e7","en","http://creativecommons.org/publicdomain/zero/1.0/","Chile",NA,"2016-03-04T13:06:31.000Z","1935-01-18","Fred C. Sibley","ICZN","South America","Ophiogobius","Perciformes","YPM ICH 009332",18,NA,NA,"digital resource","Laurent Marivaux",NA,NA,"10% form.->70% alc.",NA,"FishNet","Maillen Island, 9 miles from Puerto Montt",NA,"VertNet","(Hoese, 1976)",NA,NA,NA,"Det. by: Fred C. Sibley|Det. by: J. A. Moore",NA,NA,NA,1,"{ ""solr_long_lat"": ""-72.992057,-41.574044"" }","Pacific Ocean","number 9332; lot count 1",NA,NA,NA,NA,NA,NA,NA,NA,NA,NA,"YPM",NA,"Yale Peabody Museum of Natural History",NA,"Gulfo de Ancud","gobies; perch-like fishes; ray-finned fishes; vertebrates; chordates; animals","Ophiogobius jenynsi|Ophiogobius ophicephalus",NA,NA,NA,NA,NA,NA,NA,NA,NA,NA,NA,NA,NA,NA,NA,NA,NA,NA,NA,NA,NA,NA,NA,NA,NA,NA,NA,NA,NA,NA,NA,NA,NA,NA,NA,NA,NA,NA,NA,NA,NA,NA,NA
"Animalia",NA,"Animalia; Chordata; Vertebrata; Gnathostomata [vertebrate]; Actinopterygii; Neopterygii-Teleostei-Euteleostei; Acanthopterygii-Percomorpha; Perciformes; Blennioidei; Labrisomidae",NA,"PreservedSpecimen",1,-72.992057,"Chordata","http://collections.peabody.yale.edu/search/Record/YPM-ICH-009338",1935,18,"Species","geniguttatus","Yale Peabody Museum. Vertebrate Zoology Division - Ichthyology, Yale Peabody Museum. Record ID: urn:uuid:e68489d4-4a01-4cae-b60e-b38556654cfe. Source: http://ipt.peabody.yale.edu/ipt/resource.do?r=ipt_vz_ich (source published on 2017-10-22)","Labrisomidae",NA,"WGS84",2878,"South America; Pacific Ocean; Chile; Gulfo de Ancud","Open Access, http://creativecommons.org/publicdomain/zero/1.0/; see Yale Peabody policies at: http://hdl.handle.net/10079/8931zqj",NA,"1935-01-18",18,NA,"VZ",NA,NA,NA,"YPM","Calliclinus geniguttatus","Actinopterygii",-41.574044,"urn:uuid:e68489d4-4a01-4cae-b60e-b38556654cfe","en","http://creativecommons.org/publicdomain/zero/1.0/","Chile",NA,"2016-03-04T13:06:31.000Z","1935-01-18","J. A. Moore","ICZN","South America","Calliclinus","Perciformes","YPM ICH 009338",18,NA,NA,"digital resource","Laurent Marivaux",NA,NA,"10% form.->70% alc.",NA,"FishNet","Maillen Island, 9 miles from Puerto Montt",NA,"VertNet","(Valenciennes, 1836)",NA,NA,NA,"Det. by: J. A. Moore",NA,NA,NA,1,"{ ""solr_long_lat"": ""-72.992057,-41.574044"" }","Pacific Ocean","number 9338; lot count 1",NA,NA,NA,NA,NA,NA,NA,NA,NA,NA,"YPM",NA,"Yale Peabody Museum of Natural History",NA,"Gulfo de Ancud","labrisomid blennies; blennies; perch-like fishes; ray-finned fishes; vertebrates; chordates; animals","Calliclinus geniguttatus",NA,NA,NA,NA,NA,NA,NA,NA,NA,NA,NA,NA,NA,NA,NA,NA,NA,NA,NA,NA,NA,NA,NA,NA,NA,NA,NA,NA,NA,NA,NA,NA,NA,NA,NA,NA,NA,NA,NA,NA,NA,NA,NA
"Animalia",NA,"Animalia; Chordata; Vertebrata; Gnathostomata [vertebrate]; Actinopterygii; Neopterygii-Teleostei-Euteleostei; Acanthopterygii-Percomorpha; Perciformes; Notothenioidei; Nototheniidae",NA,"PreservedSpecimen",1,-72.992057,"Chordata","http://collections.peabody.yale.edu/search/Record/YPM-ICH-009331",1935,17,"Species","cornucola","Yale Peabody Museum. Vertebrate Zoology Division - Ichthyology, Yale Peabody Museum. Record ID: urn:uuid:ee5b3d94-5c3d-4928-a890-2f6b4fc28f40. Source: http://ipt.peabody.yale.edu/ipt/resource.do?r=ipt_vz_ich (source published on 2017-10-22)","Nototheniidae",NA,"WGS84",2878,"South America; Pacific Ocean; Chile; Gulfo de Ancud","Open Access, http://creativecommons.org/publicdomain/zero/1.0/; see Yale Peabody policies at: http://hdl.handle.net/10079/8931zqj",NA,"1935-01-17",17,NA,"VZ",NA,NA,NA,"YPM","Patagonotothen cornucola","Actinopterygii",-41.574044,"urn:uuid:ee5b3d94-5c3d-4928-a890-2f6b4fc28f40","en","http://creativecommons.org/publicdomain/zero/1.0/","Chile",NA,"2017-06-01T14:53:41.000Z","1935-01-17","J. A. Moore","ICZN","South America","Patagonotothen","Perciformes","YPM ICH 009331",17,NA,NA,"digital resource","Laurent Marivaux",NA,NA,"10% form.->70% alc.; cleared & stained",NA,"FishNet","Maillen Island, 9 miles from Puerto Montt",NA,"VertNet","(Richardson, 1844)",NA,NA,NA,"Det. by: J. A. Moore",NA,NA,NA,17,"{ ""solr_long_lat"": ""-72.992057,-41.574044"" }","Pacific Ocean","number 9331; lot count 17",NA,NA,NA,NA,NA,NA,NA,NA,NA,NA,"YPM",NA,"Yale Peabody Museum of Natural History",NA,"Gulfo de Ancud","Antarctic blennies; perch-like fishes; ray-finned fishes; vertebrates; chordates; animals","Patagonotothen cornucola",NA,NA,NA,NA,NA,NA,NA,NA,NA,NA,NA,NA,NA,NA,NA,NA,NA,NA,NA,NA,NA,NA,NA,NA,NA,NA,NA,NA,NA,NA,NA,NA,NA,NA,NA,NA,NA,NA,NA,NA,NA,NA,NA
"Animalia","J. Bradley","Animalia | Chordata | Actinopterygii | Mugiliformes | Mugilidae | Mugiloides","Los Ríos","PreservedSpecimen",4,-72.948441,"Chordata","http://portal.vertnet.org/o/cumv/fish?id=3c6ee1d4-f472-11e6-8713-0050569523c7",1920,NA,"species","chilensis","Cornell University Museum of Vertebrates. CUMV Fish Collection. Record ID: 3c6ee1d4-f472-11e6-8713-0050569523c7. Source: http://ipt.vertnet.org:8080/ipt/resource.do?r=cumv_fish (source published on 2018-07-02)","Mugilidae","CL","WGS84",4658,"South America | Chile | Los Rios | Valdivia |  |  |  |","http://vertnet.org/resources/norms.html","""South America | Chile | Los Rios | Valdivia | Puerto Montt, Los Lagos,""""Chile, Los Lagos, Valdivia"""" (bad region assertion?)""","0/4/1920",NA,NA,"Fish","present",NA,NA,"CUMV","Mugiloides chilensis","Actinopterygii",-41.475769,"3c6ee1d4-f472-11e6-8713-0050569523c7","en","https://creativecommons.org/publicdomain/zero/1.0/","Chile","requires verification","2018-06-28",NA,NA,"ICZN","South America","Pseudopercis","Mugiliformes","2786",NA,"2013-08-26","http://grbio.org/cool/i64g-wjcr","VertNet Georeferencing Guidelines","Benito Santos",NA,"Cornell Univ. Expedition.","whole organism (isopropanol) - 1","JCB 20APRC","Fishnet2","Puerto Montt","http://grbio.org/cool/99jy-5cxe","VertNet",NA,NA,NA,"Valdivia",NA,NA,NA,NA,NA,NA,NA,NA,NA,NA,NA,NA,NA,NA,NA,NA,NA,NA,NA,NA,NA,NA,NA,NA,NA,NA,NA,NA,NA,NA,NA,NA,NA,NA,NA,NA,NA,NA,NA,NA,NA,NA,NA,NA,NA,NA,NA,NA,NA,NA,NA,NA,NA,NA,NA,NA,NA,NA,NA,NA,NA,NA,NA,NA,NA,NA,NA,NA
"Animalia","C. C. Sanborn","Animalia Chordata Actinopterygii Perciformes Zoarcidae",NA,"PreservedSpecimen",2,-73.745244,"Chordata","http://portal.vertnet.org/o/fmnh/fishes?id=584fae4c-cd24-4b5c-8e36-d66029581700",1923,34,NA,"depressiceps","Field Museum of Natural History. Field Museum of Natural History (Zoology) Fish Collection. Record ID: 584fae4c-cd24-4b5c-8e36-d66029581700. Source: http://fmipt.fieldmuseum.org:8080/ipt/resource.do?r=fmnh_fishes (source published on 2017-05-23)","Zoarcidae",NA,"not recorded",NA,"South America, Chile: Melinka, Ascunsion Island","https://www.fieldmuseum.org/field-museum-natural-history-conditions-and-suggested-norms-use-collections-data-and-images",NA,NA,3,NA,"Fishes",NA,NA,NA,"FMNH","Austrolycus depressiceps","Actinopterygii",-43.896964,"584fae4c-cd24-4b5c-8e36-d66029581700","en","https://creativecommons.org/publicdomain/zero/1.0/","Chile",NA,"2015-3-6T20:22:32.000CMT","1923-02-03",NA,"ICZN","South America","Austrolycus","Perciformes","43963",34,NA,"http://biocol.org/urn:lsid:biocol.org:col:34795",NA,NA,NA,NA,NA,"CCS1923-1",NA,"Melinka, Ascunsion Island","http://grbio.org/cool/zdsi-36ka","VertNet",NA,NA,NA,NA,NA,NA,NA,NA,1,NA,NA,NA,NA,NA,NA,NA,NA,NA,NA,NA,NA,NA,"FMNH",NA,"The Field Museum of Natural History",NA,NA,NA,NA,NA,NA,NA,NA,623076,"fishes-05-feb-2018",NA,NA,NA,NA,NA,NA,NA,NA,NA,NA,NA,NA,NA,NA,NA,NA,NA,NA,NA,NA,NA,NA,NA,NA,NA,NA,NA,NA,NA,NA,NA,NA,NA,NA,NA,NA,NA
"Animalia","C. C. Sanborn","Animalia Chordata Actinopterygii Perciformes Nototheniidae",NA,"PreservedSpecimen",2,-73.745244,"Chordata","http://portal.vertnet.org/o/fmnh/fishes?id=b5ce199a-75b9-4d8c-a2cc-4d86231249e6",1923,34,NA,"cornucola","Field Museum of Natural History. Field Museum of Natural History (Zoology) Fish Collection. Record ID: b5ce199a-75b9-4d8c-a2cc-4d86231249e6. Source: http://fmipt.fieldmuseum.org:8080/ipt/resource.do?r=fmnh_fishes (source published on 2017-05-23)","Nototheniidae",NA,"not recorded",NA,"South America, Chile: Melinka, Ascunsion Island","https://www.fieldmuseum.org/field-museum-natural-history-conditions-and-suggested-norms-use-collections-data-and-images",NA,NA,3,NA,"Fishes",NA,NA,NA,"FMNH","Patagonotothen cornucola","Actinopterygii",-43.896964,"b5ce199a-75b9-4d8c-a2cc-4d86231249e6","en","https://creativecommons.org/publicdomain/zero/1.0/","Chile",NA,"2015-3-6T20:22:32.000CMT","1923-02-03","J. T. Eastman : Ohio University","ICZN","South America","Patagonotothen","Perciformes","43966",34,NA,"http://biocol.org/urn:lsid:biocol.org:col:34795",NA,NA,NA,NA,NA,"CCS1923-1",NA,"Melinka, Ascunsion Island","http://grbio.org/cool/zdsi-36ka","VertNet",NA,NA,NA,NA,NA,NA,NA,NA,5,NA,NA,NA,NA,NA,NA,NA,NA,NA,NA,NA,NA,NA,"FMNH",NA,"The Field Museum of Natural History",NA,NA,NA,NA,NA,NA,NA,NA,623079,"fishes-05-feb-2018",NA,NA,NA,NA,NA,NA,NA,NA,NA,NA,NA,NA,NA,NA,NA,NA,NA,NA,NA,NA,NA,NA,NA,NA,NA,NA,NA,NA,NA,NA,NA,NA,NA,NA,NA,NA,NA
"Animalia",NA,NA,"Tierra del Fuego","PreservedSpecimen",6,-67.6833,"Chordata","http://portal.vertnet.org/o/ku/kui?id=dc72d2b2-1ed3-11e3-bfac-90b11c41863e",1986,177,"Species","maculatus","University of Kansas Biodiversity Institute. KUBI Ichthyology Collection. Record ID: dc72d2b2-1ed3-11e3-bfac-90b11c41863e. Source: http://ipt.nhm.ku.edu:8080/ipt/resource.do?r=kubi_ichthyology (source published on 2019-08-05)","Galaxiidae",NA,"WGS84",NA,"South America, Argentina, Tierra del Fuego","http://biodiversity.ku.edu/research/university-kansas-biodiversity-institute-data-publication-and-use-norms",NA,"1986-06-26",26,NA,"KUI",NA,NA,NA,"KU","Galaxias maculatus","Actinopterygii",-54.4167,"dc72d2b2-1ed3-11e3-bfac-90b11c41863e","en","http://creativecommons.org/licenses/by/4.0/deed.en_US","Argentina",NA,"2016-01-15 13:40:18.0","1986-06-26",NA,NA,"South America","Galaxias","Osmeriformes","22962",177,NA,"http://grbio.org/cool/iakn-125z",NA,NA,"Freshwater",NA,"C&S - 3; EtOH - 6","Z22962","Alexandria DLG","Lago Yehuin",NA,"VertNet",NA,NA,NA,NA,"http://www.bioone.org/doi/10.1643/CG-14-099",NA,NA,NA,NA,NA,NA,NA,NA,NA,NA,NA,NA,NA,NA,NA,NA,NA,NA,NA,NA,NA,NA,NA,NA,NA,NA,NA,NA,NA,NA,NA,NA,NA,NA,NA,NA,NA,NA,NA,NA,NA,NA,NA,NA,NA,NA,NA,NA,NA,NA,NA,NA,NA,NA,NA,NA,NA,NA,NA,NA,NA,NA,NA,NA,NA,NA,NA
"Animalia","USARP, SOSC Ref.No.520",NA,NA,"PreservedSpecimen",4,-70.8425,"Chordata","http://portal.vertnet.org/o/lacm/fish?id=02796802-77df-4e03-9103-971975d04ae1",1969,114,"species","depressiceps","Natural History Museum of Los Angeles County. LACM Vertebrate Collection. Record ID: 02796802-77DF-4E03-9103-971975D04AE1. Source: http://ipt.vertnet.org:8080/ipt/resource.do?r=lacm_verts (source published on 2019-10-03)","Zoarcidae","CL","not recorded (forced WGS84)",NA,"Eastern Pacific | Chile | - | - |  |  |  |","http://vertnet.org/resources/norms.html","Eastern Pacific | Chile | - | - | Peninsula de Brunswick, Punta Sta. Ana","4/24/1969",24,NA,"Fish","present",NA,NA,"LACM","Austrolycus depressiceps","Actinopterygii",-53.5133333,"02796802-77DF-4E03-9103-971975D04AE1","en","https://creativecommons.org/publicdomain/zero/1.0","Chile","requires verification","2018-10-08","1969-04-24",NA,"ICZN","South America","Austrolycus","Perciformes","44910-1",114,NA,"http://biocol.org/urn:lsid:biocol:org:34802",NA,NA,NA,NA,NA,"69-11",NA,"Peninsula de Brunswick, Punta Sta. Ana","http://biocol.org/urn:lsid:biocol:org:34804","VertNet",NA,NA,"Calculated from original coordinates",NA,NA,NA,NA,NA,5,"{""length"":""49-277"",""water depth"":""intertidal"" }","South Pacific Ocean",NA,"hand",NA,"intertidal",NA,NA,NA,NA,NA,NA,NA,NA,NA,NA,NA,NA,NA,NA,NA,NA,NA,NA,NA,NA,NA,NA,NA,"70°50'33'' W","53°30'48'' S",NA,NA,NA,NA,NA,NA,NA,NA,NA,NA,NA,NA,NA,NA,NA,NA,NA,NA,NA,NA,NA,NA,NA,NA,NA,NA,NA,NA,NA,NA,NA,NA
"Animalia",NA,NA,NA,"PreservedSpecimen",5,-70.4311111,"Chordata","http://portal.vertnet.org/o/lacm/fish?id=0c9bc0d4-e6d3-461c-9a8f-9955ef59aaf7",1969,138,"species","puncta","Natural History Museum of Los Angeles County. LACM Vertebrate Collection. Record ID: 0C9BC0D4-E6D3-461C-9A8F-9955EF59AAF7. Source: http://ipt.vertnet.org:8080/ipt/resource.do?r=lacm_verts (source published on 2019-10-03)","Zoarcidae","CL","not recorded (forced WGS84)",NA,"Eastern Pacific | Chile | - | - |  |  |  |","http://vertnet.org/resources/norms.html","Eastern Pacific | Chile | - | - | kelp beds on SSE side of Harriss Bay; east coast of Dawson Island; SOSC ref. no. 520","5/18/1969",18,NA,"Fish","present",NA,NA,"LACM","Maynea puncta","Actinopterygii",-53.8588889,"0C9BC0D4-E6D3-461C-9A8F-9955EF59AAF7","en","https://creativecommons.org/publicdomain/zero/1.0","Chile","requires verification","2018-10-08","1969-05-18",NA,"ICZN","South America","Maynea","Perciformes","43713-1",138,NA,"http://biocol.org/urn:lsid:biocol:org:34802",NA,NA,NA,NA,NA,"USARP 69-24",NA,"kelp beds on SSE side of Harriss Bay; east coast of Dawson Island; SOSC ref. no. 520","http://biocol.org/urn:lsid:biocol:org:34804","VertNet",NA,NA,"Calculated from original coordinates",NA,NA,NA,NA,NA,8,"{""length"":""62-120"",""water depth"":""1.5-3.1"" }","South Pacific Ocean",NA,"""hand""""shore coll""""""",NA,"1.5-3.1",3.1,1.5,NA,NA,NA,NA,NA,NA,NA,NA,NA,NA,NA,NA,NA,NA,NA,NA,NA,NA,NA,NA,NA,"70°25'52'' W","53°51'32'' S",NA,NA,NA,NA,NA,NA,NA,NA,NA,NA,NA,NA,NA,NA,NA,NA,NA,NA,NA,NA,NA,NA,NA,NA,NA,NA,NA,NA,NA,NA,NA,NA
"Animalia","USNS Eltanin",NA,NA,"PreservedSpecimen",4,-74.0833333,"Chordata","http://portal.vertnet.org/o/lacm/fish?id=84bddc5d-86fa-4448-8a11-5c66406edcc2",1966,91,"species","fasciatus","Natural History Museum of Los Angeles County. LACM Vertebrate Collection. Record ID: 84BDDC5D-86FA-4448-8A11-5C66406EDCC2. Source: http://ipt.vertnet.org:8080/ipt/resource.do?r=lacm_verts (source published on 2019-10-03)","Macrouridae","CL","not recorded (forced WGS84)",NA,"South Pacific | Chile | - | - |  |  |  |","http://vertnet.org/resources/norms.html","South Pacific | Chile | - | - | Strait of Magellan","4/1/1966",1,NA,"Fish","present",NA,NA,"LACM","Coelorinchus fasciatus","Actinopterygii",-52.8833333,"84BDDC5D-86FA-4448-8A11-5C66406EDCC2","en","https://creativecommons.org/publicdomain/zero/1.0","Chile","requires verification","2018-10-08","1966-04-01",NA,"ICZN","South America","Coelorinchus","Gadiformes","11158-4",91,NA,"http://biocol.org/urn:lsid:biocol:org:34802",NA,NA,NA,NA,"originally: 10% Formalin","Elt. 1605",NA,"Strait of Magellan","http://biocol.org/urn:lsid:biocol:org:34804","VertNet",NA,NA,"Calculated from original coordinates",NA,NA,NA,NA,NA,8,"{""length"":""153-260"",""time at depth"":""35"",""time collected"":""1456-1600"",""vessel"":""USNS Eltanin"",""water depth"":""544"" }","South Pacific Ocean",NA,"5' blake trawl",NA,"544",544,NA,NA,NA,NA,NA,NA,NA,NA,NA,NA,NA,NA,NA,NA,NA,NA,NA,NA,NA,NA,NA,NA,"74°5'0'' W","52°53'0'' S",NA,NA,NA,NA,NA,NA,NA,NA,NA,NA,NA,NA,NA,NA,NA,NA,NA,NA,NA,NA,NA,NA,NA,NA,NA,NA,NA,NA,NA,NA,NA,NA
"Animalia",NA,NA,NA,"PreservedSpecimen",5,-70.4311111,"Chordata","http://portal.vertnet.org/o/lacm/fish?id=8b637ab7-d7cb-4b36-89ef-7e2c703f9b05",1969,138,"species","marinae","Natural History Museum of Los Angeles County. LACM Vertebrate Collection. Record ID: 8B637AB7-D7CB-4B36-89EF-7E2C703F9B05. Source: http://ipt.vertnet.org:8080/ipt/resource.do?r=lacm_verts (source published on 2019-10-03)","Zoarcidae","CL","not recorded (forced WGS84)",NA,"Eastern Pacific | Chile | - | - |  |  |  |","http://vertnet.org/resources/norms.html","Eastern Pacific | Chile | - | - | kelp beds on SSE side of Harriss Bay; east coast of Dawson Island; SOSC ref. no. 520","5/18/1969",18,NA,"Fish","present",NA,NA,"LACM","Pogonolycus marinae","Actinopterygii",-53.8588889,"8B637AB7-D7CB-4B36-89EF-7E2C703F9B05","en","https://creativecommons.org/publicdomain/zero/1.0","Chile","requires verification","2018-10-08","1969-05-18",NA,"ICZN","South America","Pogonolycus","Perciformes","43713-2",138,NA,"http://biocol.org/urn:lsid:biocol:org:34802",NA,NA,NA,NA,NA,"USARP 69-24",NA,"kelp beds on SSE side of Harriss Bay; east coast of Dawson Island; SOSC ref. no. 520","http://biocol.org/urn:lsid:biocol:org:34804","VertNet",NA,NA,"Calculated from original coordinates",NA,NA,NA,NA,NA,2,"{""water depth"":""1.5-3.1"" }","South Pacific Ocean","1 C&S","""hand""""shore coll""""""",NA,"1.5-3.1",3.1,1.5,NA,NA,NA,NA,NA,NA,NA,NA,NA,NA,NA,"Zoarcidae",NA,NA,NA,NA,NA,NA,NA,NA,NA,"70°25'52'' W","53°51'32'' S",NA,NA,NA,NA,NA,NA,NA,NA,NA,NA,NA,NA,NA,NA,NA,NA,NA,NA,NA,NA,NA,NA,NA,NA,NA,NA,NA,NA,NA,NA,NA,NA
"Animalia","James H McLean",NA,"Los Lagos","PreservedSpecimen",11,-72.8666667,"Chordata","http://portal.vertnet.org/o/lacm/fish?id=a322e2fe-aac5-4d89-b934-01debdc189c6",1975,310,"species","marmoratus","Natural History Museum of Los Angeles County. LACM Vertebrate Collection. Record ID: A322E2FE-AAC5-4D89-B934-01DEBDC189C6. Source: http://ipt.vertnet.org:8080/ipt/resource.do?r=lacm_verts (source published on 2019-10-03)","Gobiesocidae","CL","not recorded (forced WGS84)",NA,"South Pacific | Chile | Chiloe | - |  |  |  |","http://vertnet.org/resources/norms.html","South Pacific | Chile | Chiloe | - | Gulf of corcovado, west of Isla Talcon, Pumalin","4-6 Nov 1975",6,NA,"Fish","present",NA,NA,"LACM","Gobiesox marmoratus","Actinopterygii",-42.7,"A322E2FE-AAC5-4D89-B934-01DEBDC189C6","en","https://creativecommons.org/publicdomain/zero/1.0","Chile","requires verification","2018-10-08","1975-11-06",NA,"ICZN","South America","Gobiesox","Gobiesociformes","38213-2",310,NA,"http://biocol.org/urn:lsid:biocol:org:34802",NA,NA,NA,NA,NA,"75-14",NA,"Gulf of corcovado, west of Isla Talcon, Pumalin","http://biocol.org/urn:lsid:biocol:org:34804","VertNet",NA,NA,"Calculated from original coordinates","Chiloé",NA,NA,NA,NA,3,"{""length"":""32.2-64.8"",""water depth"":""Intertidal"" }","South Pacific Ocean",NA,NA,NA,"Intertidal",NA,NA,NA,NA,NA,NA,NA,NA,"Archipiélago de Chiloé",NA,NA,NA,NA,NA,NA,NA,NA,NA,NA,NA,NA,NA,NA,"72°52'0'' W","42°42'0'' S",NA,NA,NA,NA,NA,NA,NA,NA,NA,NA,NA,NA,NA,NA,NA,NA,NA,NA,NA,NA,NA,NA,NA,NA,NA,NA,NA,NA,NA,NA,NA,NA
"Animalia","James H McLean",NA,"Los Lagos","PreservedSpecimen",11,-72.8666667,"Chordata","http://portal.vertnet.org/o/lacm/fish?id=ccec9d99-230a-4850-9728-103ca6031d69",1975,310,"species","ophicephalus","Natural History Museum of Los Angeles County. LACM Vertebrate Collection. Record ID: CCEC9D99-230A-4850-9728-103CA6031D69. Source: http://ipt.vertnet.org:8080/ipt/resource.do?r=lacm_verts (source published on 2019-10-03)","Gobiidae","CL","not recorded (forced WGS84)",NA,"South Pacific | Chile | Chiloe | - |  |  |  |","http://vertnet.org/resources/norms.html","South Pacific | Chile | Chiloe | - | Gulf of corcovado, west of Isla Talcon, Pumalin","4-6 Nov 1975",6,NA,"Fish","present",NA,NA,"LACM","Ophiogobius ophicephalus","Actinopterygii",-42.7,"CCEC9D99-230A-4850-9728-103CA6031D69","en","https://creativecommons.org/publicdomain/zero/1.0","Chile","requires verification","2018-10-08","1975-11-06",NA,"ICZN","South America","Ophiogobius","Perciformes","38213-4",310,NA,"http://biocol.org/urn:lsid:biocol:org:34802",NA,NA,NA,NA,NA,"75-14",NA,"Gulf of corcovado, west of Isla Talcon, Pumalin","http://biocol.org/urn:lsid:biocol:org:34804","VertNet",NA,NA,"Calculated from original coordinates","Chiloé",NA,NA,NA,NA,1,"{""length"":""63.7"",""water depth"":""Intertidal"" }","South Pacific Ocean",NA,NA,NA,"Intertidal",NA,NA,NA,NA,NA,NA,NA,NA,"Archipiélago de Chiloé",NA,NA,NA,NA,NA,NA,NA,NA,NA,NA,NA,NA,NA,NA,"72°52'0'' W","42°42'0'' S",NA,NA,NA,NA,NA,NA,NA,NA,NA,NA,NA,NA,NA,NA,NA,NA,NA,NA,NA,NA,NA,NA,NA,NA,NA,NA,NA,NA,NA,NA,NA,NA
"Animalia","James H McLean",NA,NA,"PreservedSpecimen",11,-70.9333333,"Chordata","http://portal.vertnet.org/o/lacm/fish?id=f6488f14-b49e-460c-851f-c7a40d1bb42d",1975,323,"species","depressiceps","Natural History Museum of Los Angeles County. LACM Vertebrate Collection. Record ID: F6488F14-B49E-460C-851F-C7A40D1BB42D. Source: http://ipt.vertnet.org:8080/ipt/resource.do?r=lacm_verts (source published on 2019-10-03)","Zoarcidae","CL","not recorded (forced WGS84)",NA,"Eastern Pacific | Chile | - | - |  |  |  |","http://vertnet.org/resources/norms.html","Eastern Pacific | Chile | - | - | Magellan Strait, Penin.  Brunswick, cove south of Pta. Askew, Puerto el Hambre.","16 & 19 nov 1975",19,NA,"Fish","present",NA,NA,"LACM","Austrolycus depressiceps","Actinopterygii",-53.6166667,"F6488F14-B49E-460C-851F-C7A40D1BB42D","en","https://creativecommons.org/publicdomain/zero/1.0","Chile","requires verification","2018-10-08","1975-11-19",NA,"ICZN","South America","Austrolycus","Perciformes","38214-2",323,NA,"http://biocol.org/urn:lsid:biocol:org:34802",NA,NA,NA,NA,NA,"75-49",NA,"Magellan Strait, Penin.  Brunswick, cove south of Pta. Askew, Puerto el Hambre.","http://biocol.org/urn:lsid:biocol:org:34804","VertNet",NA,NA,"Calculated from original coordinates",NA,NA,NA,NA,NA,2,"{""length"":""61.4-72.3"",""water depth"":""Intertidal"" }","South Pacific Ocean",NA,NA,NA,"Intertidal",NA,NA,NA,NA,NA,NA,NA,NA,NA,NA,NA,NA,NA,NA,NA,NA,NA,NA,NA,NA,NA,NA,NA,"70°56'0'' W","53°37'0'' S",NA,NA,NA,NA,NA,NA,NA,NA,NA,NA,NA,NA,NA,NA,NA,NA,NA,NA,NA,NA,NA,NA,NA,NA,NA,NA,NA,NA,NA,NA,NA,NA
"Animalia",NA,NA,"Magallanes","PreservedSpecimen",2,-68.3736,"Chordata","http://collections.naturalsciences.org/specimenFishes.aspx?ID=50898",2006,51,"specificEpithet","maculatus","North Carolina Museum of Natural Sciences. NCSM Fishes Collection. Record ID: 225AE3DF-A258-44CF-B359-F2E8DD606C1F. Source: http://ipt.vertnet.org:8080/ipt/resource.do?r=ncsm_fishes (source published on 2017-10-27)","Galaxiidae","CL","WGS84",NA,NA,"No Restrictions",NA,NA,20,NA,"NCSM-Fishes",NA,NA,NA,"NCSM","Galaxias maculatus","Actinopterygii",-54.9811,"225AE3DF-A258-44CF-B359-F2E8DD606C1F","EN","http://creativecommons.org/publicdomain/zero/1.0/","Chile",NA,"2017-10-19","2006-02-20",NA,NA,"South America","Galaxias","Osmeriformes","50898",51,NA,"NCSM",NA,NA,NA,NA,NA,"HOSTE-2",NA,"[River (name unknown) flowing into Canal Murray], [Península Dumas], [Isla Hoste], [ca. 13.4 air miles SSW center Ushuaia, Argentina], [Communa de Cabo de Hornos]",NA,"VertNet",NA,NA,NA,"Antártica Chilena",NA,NA,NA,NA,10,NA,"Chile (S of Santiago) Minor Coastal (misc. creek tribs)",NA,NA,NA,NA,NA,NA,NA,NA,NA,NA,"In Collections","NCSM",NA,"North Carolina Museum of Natural Sciences",NA,NA,"Inanga",NA,NA,NA,NA,NA,NA,"NCSM-FishesDWC",NA,NA,NA,NA,NA,NA,NA,NA,NA,NA,NA,NA,NA,NA,NA,NA,NA,NA,NA,NA,NA,NA,NA,NA,NA,NA,NA,NA,NA,NA,NA,NA,NA,NA,NA,NA,NA
"Animalia",NA,NA,"Magallanes","PreservedSpecimen",1,-67.9904,"Chordata","http://collections.naturalsciences.org/specimenFishes.aspx?ID=50903",2006,30,"specificEpithet","maculatus","North Carolina Museum of Natural Sciences. NCSM Fishes Collection. Record ID: 2D506E35-3B58-45CD-8165-FCDB05C981D5. Source: http://ipt.vertnet.org:8080/ipt/resource.do?r=ncsm_fishes (source published on 2017-10-27)","Galaxiidae","CL","WGS84",NA,NA,"No Restrictions",NA,NA,30,NA,"NCSM-Fishes",NA,NA,NA,"NCSM","Galaxias maculatus","Actinopterygii",-54.9291,"2D506E35-3B58-45CD-8165-FCDB05C981D5","EN","http://creativecommons.org/publicdomain/zero/1.0/","Chile",NA,"2017-10-19","2006-01-30",NA,NA,"South America","Galaxias","Osmeriformes","50903",30,NA,"NCSM",NA,NA,NA,NA,NA,"LAGOMEJILLONES-1",NA,"Lago Mejillones [Lake Mejillones], [Isla Navarino], [ca. 15.5 air miles SE center Ushuaia, Argentina], [Communa de Cabo de Hornos]",NA,"VertNet",NA,NA,NA,"Antártica Chilena",NA,NA,NA,NA,1,NA,"Chile (S of Santiago) Minor Coastal (misc. creek tribs)",NA,NA,NA,NA,NA,NA,NA,NA,NA,NA,"In Collections","NCSM",NA,"North Carolina Museum of Natural Sciences",NA,NA,"Inanga",NA,NA,NA,NA,NA,NA,"NCSM-FishesDWC",NA,NA,NA,NA,NA,NA,NA,NA,NA,NA,NA,NA,NA,NA,NA,NA,NA,NA,NA,NA,NA,NA,NA,NA,NA,NA,NA,NA,NA,NA,NA,NA,NA,NA,NA,NA,NA
"Animalia",NA,NA,"Magallanes","PreservedSpecimen",2,-67.6576,"Chordata","http://collections.naturalsciences.org/specimenFishes.aspx?ID=50896",2006,41,"specificEpithet","maculatus","North Carolina Museum of Natural Sciences. NCSM Fishes Collection. Record ID: 84404C90-9E88-4807-81ED-51793AA2122A. Source: http://ipt.vertnet.org:8080/ipt/resource.do?r=ncsm_fishes (source published on 2017-10-27)","Galaxiidae","CL","WGS84",NA,NA,"No Restrictions",NA,NA,10,NA,"NCSM-Fishes",NA,NA,NA,"NCSM","Galaxias maculatus","Actinopterygii",-54.9417,"84404C90-9E88-4807-81ED-51793AA2122A","EN","http://creativecommons.org/publicdomain/zero/1.0/","Chile",NA,"2017-10-19","2006-02-10",NA,NA,"South America","Galaxias","Osmeriformes","50896",41,NA,"NCSM",NA,NA,NA,NA,NA,"ROBALO-1",NA,"[Río] Robalo, 50 meters upstream of bridge [Y-905], [Isla Navarino], [ca. 1.7 air miles WSW center Puerto Williams], [Communa de Cabo de Hornos]",NA,"VertNet",NA,NA,NA,"Antártica Chilena",NA,NA,NA,NA,11,NA,"Chile (S of Santiago) Minor Coastal (misc. creek tribs)",NA,NA,NA,NA,NA,NA,NA,NA,NA,NA,"In Collections","NCSM",NA,"North Carolina Museum of Natural Sciences",NA,NA,"Inanga",NA,NA,NA,NA,NA,NA,"NCSM-FishesDWC",NA,NA,NA,NA,NA,NA,NA,NA,NA,NA,NA,NA,NA,NA,NA,NA,NA,NA,NA,NA,NA,NA,NA,NA,NA,NA,NA,NA,NA,NA,NA,NA,NA,NA,NA,NA,NA
"Animalia",NA,NA,"Magallanes","PreservedSpecimen",2,-67.2754,"Chordata","http://collections.naturalsciences.org/specimenFishes.aspx?ID=50893",2006,56,"specificEpithet","zebra","North Carolina Museum of Natural Sciences. NCSM Fishes Collection. Record ID: B9779608-F120-48AF-BC02-6FDA19053356. Source: http://ipt.vertnet.org:8080/ipt/resource.do?r=ncsm_fishes (source published on 2017-10-27)","Galaxiidae","CL","WGS84",NA,NA,"No Restrictions",NA,NA,25,NA,"NCSM-Fishes",NA,NA,NA,"NCSM","Aplochiton zebra","Actinopterygii",-55.0178,"B9779608-F120-48AF-BC02-6FDA19053356","EN","http://creativecommons.org/publicdomain/zero/1.0/","Chile",NA,"2017-10-19","2006-02-25",NA,NA,"South America","Aplochiton","Osmeriformes","50893",56,NA,"NCSM",NA,NA,NA,NA,NA,"LAGOPOLLOLLO-1",NA,"Lago Pollollo [Lake Pollollo], [Isla Navarino], [ca. 14.8 air miles ESE center Puerto Williams], [Communa de Cabo de Hornos]",NA,"VertNet",NA,NA,NA,"Antártica Chilena",NA,NA,NA,NA,1,NA,"Chile (S of Santiago) Minor Coastal (misc. creek tribs)",NA,NA,NA,NA,NA,NA,NA,NA,NA,NA,"In Collections","NCSM",NA,"North Carolina Museum of Natural Sciences",NA,NA,NA,NA,NA,NA,NA,NA,NA,"NCSM-FishesDWC",NA,NA,NA,NA,NA,NA,NA,NA,NA,NA,NA,NA,NA,NA,NA,NA,NA,NA,NA,NA,NA,NA,NA,NA,NA,NA,NA,NA,NA,NA,NA,NA,NA,NA,NA,NA,NA
"Animalia",NA,NA,"Magallanes","PreservedSpecimen",2,-67.7027,"Chordata","http://collections.naturalsciences.org/specimenFishes.aspx?ID=50902",2006,49,"specificEpithet","maculatus","North Carolina Museum of Natural Sciences. NCSM Fishes Collection. Record ID: DD419071-DDDA-4AFD-9D6B-11A823E877BE. Source: http://ipt.vertnet.org:8080/ipt/resource.do?r=ncsm_fishes (source published on 2017-10-27)","Galaxiidae","CL","WGS84",NA,NA,"No Restrictions",NA,NA,18,NA,"NCSM-Fishes",NA,NA,NA,"NCSM","Galaxias maculatus","Actinopterygii",-54.9411,"DD419071-DDDA-4AFD-9D6B-11A823E877BE","EN","http://creativecommons.org/publicdomain/zero/1.0/","Chile",NA,"2017-10-19","2006-02-18",NA,NA,"South America","Galaxias","Osmeriformes","50902",49,NA,"NCSM",NA,NA,NA,NA,NA,"BRONCES-1",NA,"[River (name unknown)], at [Cascada] Los Bronces [Los Bronces Falls], 50 meters upstream from road [Y-905], [Isla Navarino], [ca. 3.5 air miles WSW center Puerto Williams], [Comuna de Cabo de Hornos]",NA,"VertNet",NA,NA,NA,"Antártica Chilena",NA,NA,NA,NA,5,NA,"Chile (S of Santiago) Minor Coastal (misc. creek tribs)",NA,NA,NA,NA,NA,NA,NA,NA,NA,NA,"In Collections","NCSM",NA,"North Carolina Museum of Natural Sciences",NA,NA,"Inanga",NA,NA,NA,NA,NA,NA,"NCSM-FishesDWC",NA,NA,NA,NA,NA,NA,NA,NA,NA,NA,NA,NA,NA,NA,NA,NA,NA,NA,NA,NA,NA,NA,NA,NA,NA,NA,NA,NA,NA,NA,NA,NA,NA,NA,NA,NA,NA
"Animalia",NA,NA,"Magallanes","PreservedSpecimen",2,-68.109,"Chordata","http://collections.naturalsciences.org/specimenFishes.aspx?ID=50906",2006,37,"specificEpithet","maculatus","North Carolina Museum of Natural Sciences. NCSM Fishes Collection. Record ID: F2AD33C6-559A-42F5-9D92-AB02CAB18208. Source: http://ipt.vertnet.org:8080/ipt/resource.do?r=ncsm_fishes (source published on 2017-10-27)","Galaxiidae","CL","WGS84",NA,NA,"No Restrictions",NA,NA,6,NA,"NCSM-Fishes",NA,NA,NA,"NCSM","Galaxias maculatus","Actinopterygii",-54.9088,"F2AD33C6-559A-42F5-9D92-AB02CAB18208","EN","http://creativecommons.org/publicdomain/zero/1.0/","Chile",NA,"2017-10-19","2006-02-06",NA,NA,"South America","Galaxias","Osmeriformes","50906",37,NA,"NCSM",NA,NA,NA,NA,NA,"RÍOLUM-1",NA,"Río Lum, 50 meters upstream from road [Y-905], [Isla Navarino], [ca. 11.0 air miles SE center Ushuaia, Argentina], [Comuna de Cabo de Hornos]",NA,"VertNet",NA,NA,NA,"Antártica Chilena",NA,NA,NA,NA,15,NA,"Chile (S of Santiago) Minor Coastal (misc. creek tribs)",NA,NA,NA,NA,NA,NA,NA,NA,NA,NA,"In Collections","NCSM",NA,"North Carolina Museum of Natural Sciences",NA,NA,"Inanga",NA,NA,NA,NA,NA,NA,"NCSM-FishesDWC",NA,NA,NA,NA,NA,NA,NA,NA,NA,NA,NA,NA,NA,NA,NA,NA,NA,NA,NA,NA,NA,NA,NA,NA,NA,NA,NA,NA,NA,NA,NA,NA,NA,NA,NA,NA,NA
"Animalia","P Dayton","Nototheniidae | Notothenia",NA,"PreservedSpecimen",5,-65.4666667,"Chordata","http://portal.vertnet.org/o/sio/marine-vertebrates?id=41dc0762-3252-4ba6-a277-eb5ba1499080",1973,141,"species","marmoratus","Scripps Institution of Oceanography. SIO Marine Vertebrate Collection. Record ID: 41dc0762-3252-4ba6-a277-eb5ba1499080. Source: http://ipt.vertnet.org:8080/ipt/resource.do?r=sio_marine_vertebrates (source published on 2018-07-18)","Nototheniidae","AR","not recorded (forced WGS84)",NA,"| Argentina |  |  |  | SW Atlantic Ocean |  |","http://vertnet.org/resources/norms.html","Argentina | SW Atlantic Ocean | Bahia Tom","21May1973",21,NA,"Marine Vertebrates","present",NA,NA,"SIO","Notothenia marmoratus","Actinopterygii",-54.9,"41dc0762-3252-4ba6-a277-eb5ba1499080","en","https://creativecommons.org/publicdomain/zero/1.0/","Argentina","requires verification","2018-01-23","1973-05-21",NA,"ICZN","South America","Notothenia","Perciformes","74-112",141,NA,"http://biocol.org/urn:lsid:biocol.org:col:14844",NA,NA,NA,NA,NA,NA,NA,"Bahia Tom",NA,"VertNet",NA,NA,NA,NA,NA,NA,NA,NA,1,"{""maximumLengthInMM"":""16.0"",""minimumLengthInMM"":""0.0"" }","Western South Atlantic Ocean",NA,NA,NA,NA,NA,NA,NA,NA,NA,NA,NA,NA,NA,NA,NA,NA,NA,NA,NA,NA,NA,NA,NA,NA,NA,NA,NA,"065°28.0'W","54°54.0'S","41dc0762-3252-4ba6-a277-eb5ba1499080",NA,NA,NA,NA,NA,NA,NA,NA,NA,NA,NA,NA,NA,NA,NA,NA,NA,NA,NA,NA,NA,NA,NA,NA,NA,NA,NA,NA,NA,NA,NA
"Animalia","JR Jehl","Merlucciidae | Macruronus",NA,"PreservedSpecimen",5,-74.6333333,"Chordata","http://portal.vertnet.org/o/sio/marine-vertebrates?id=f664e86c-42e7-48d8-b3dc-f8808ab0f785",1970,149,"species","magellanicus","Scripps Institution of Oceanography. SIO Marine Vertebrate Collection. Record ID: f664e86c-42e7-48d8-b3dc-f8808ab0f785. Source: http://ipt.vertnet.org:8080/ipt/resource.do?r=sio_marine_vertebrates (source published on 2018-07-18)","Merlucciidae","CL","not recorded (forced WGS84)",NA,"| Chile |  |  |  | So Pacific Ocean |  |","http://vertnet.org/resources/norms.html","Chile | So Pacific Ocean | Punta Millabu, fjord at stream mouth","29May1970",29,NA,"Marine Vertebrates","present",NA,NA,"SIO","Macruronus magellanicus","Actinopterygii",-45.7,"f664e86c-42e7-48d8-b3dc-f8808ab0f785","en","https://creativecommons.org/publicdomain/zero/1.0/","Chile","requires verification","2018-01-23","1970-05-29",NA,"ICZN","South America","Macruronus","Gadiformes","70-291",149,NA,"http://biocol.org/urn:lsid:biocol.org:col:14844",NA,NA,NA,NA,NA,NA,NA,"Punta Millabu, fjord at stream mouth",NA,"VertNet",NA,NA,NA,NA,NA,NA,NA,NA,3,"{""maximumLengthInMM"":""142.0"",""minimumLengthInMM"":""85.0"",""salinity"":""brackish"" }","South Pacific Ocean",NA,NA,NA,NA,NA,NA,NA,NA,NA,NA,NA,NA,NA,NA,NA,NA,NA,NA,NA,NA,NA,NA,NA,NA,NA,NA,NA,"074°38.0'W","45°42.0'S","f664e86c-42e7-48d8-b3dc-f8808ab0f785",NA,NA,NA,NA,NA,NA,NA,NA,NA,NA,NA,NA,NA,NA,NA,NA,NA,NA,NA,NA,NA,NA,NA,NA,NA,NA,NA,NA,NA,NA,NA
"Animalia","P Dayton","Zoarcidae | Pogonolycus",NA,"PreservedSpecimen",5,-65.4766667,"Chordata","http://portal.vertnet.org/o/sio/marine-vertebrates?id=f768794c-8b6f-4784-a6ee-d29e649549fe",1973,131,"species","marinae","Scripps Institution of Oceanography. SIO Marine Vertebrate Collection. Record ID: f768794c-8b6f-4784-a6ee-d29e649549fe. Source: http://ipt.vertnet.org:8080/ipt/resource.do?r=sio_marine_vertebrates (source published on 2018-07-18)","Zoarcidae","AR","not recorded (forced WGS84)",NA,"| Argentina |  |  |  | SW Atlantic Ocean |  |","http://vertnet.org/resources/norms.html","Argentina | SW Atlantic Ocean | Isla de los Estados (Staten Island)","11May1973",11,NA,"Marine Vertebrates","present",NA,NA,"SIO","Pogonolycus marinae","Actinopterygii",-54.9,"f768794c-8b6f-4784-a6ee-d29e649549fe","en","https://creativecommons.org/publicdomain/zero/1.0/","Argentina","requires verification","2018-01-23","1973-05-11",NA,"ICZN","South America","Pogonolycus","Perciformes","74-110",131,NA,"http://biocol.org/urn:lsid:biocol.org:col:14844",NA,NA,NA,NA,NA,NA,NA,"Isla de los Estados (Staten Island)",NA,"VertNet",NA,NA,NA,NA,NA,NA,NA,NA,1,"{""maximumLengthInMM"":""55.0"",""minimumLengthInMM"":""0.0"",""vegetation"":""kelp bed"" }","Western South Atlantic Ocean",NA,NA,NA,NA,NA,NA,NA,NA,NA,NA,NA,NA,NA,NA,NA,NA,NA,NA,NA,NA,NA,NA,NA,NA,NA,NA,NA,"065°28.6'W","54°54.0'S","f768794c-8b6f-4784-a6ee-d29e649549fe",NA,NA,NA,NA,NA,NA,NA,NA,NA,NA,NA,NA,NA,NA,NA,NA,NA,NA,NA,NA,NA,NA,NA,NA,NA,NA,NA,NA,NA,NA,NA
NA,"Cekulovic, J",NA,"Magallanes","PreservedSpecimen",3,-70.9665,NA,"http://portal.vertnet.org/o/uf/fish?id=d680c9fa-e5a9-487b-b066-891d3ecb3401",1956,84,NA,"bispinis","Florida Museum of Natural History. UF FLMNH Ichthyology. Record ID: D680C9FA-E5A9-487B-B066-891D3ECB3401. Source: http://ipt.flmnh.ufl.edu:8080/ipt/resource.do?r=ichthyology (source published on 2018-09-17)","Harpagiferidae",NA,"not recorded",NA,"Magallanes, Chile, Pacific Ocean",NA,NA,"1956-03-24",24,NA,"Fish",NA,NA,NA,"UF","Harpagifer bispinis","Actinopterygii",-53.365857,"D680C9FA-E5A9-487B-B066-891D3ECB3401",NA,"CC-BY-NC","Chile",NA,"1995-11-25 16:31:32.0","1956-03-24",NA,NA,"Pacific Ocean","Harpagifer","Perciformes","206218",84,NA,NA,"FishNet",NA,NA,NA,"EtOH - 1","ZJC206218",NA,"Punta Santa Maria, Peninsula de Brunswick, 23 km S of Ciudad Punta Arenas",NA,"VertNet",NA,NA,NA,NA,NA,NA,"UMML 6218",NA,NA,NA,NA,NA,NA,NA,NA,NA,NA,NA,NA,NA,NA,NA,NA,NA,NA,NA,NA,NA,NA,NA,NA,NA,NA,NA,NA,NA,NA,NA,NA,NA,NA,NA,NA,NA,NA,NA,NA,NA,NA,NA,NA,NA,NA,NA,NA,NA,NA,NA,NA,NA,NA,NA,NA,NA,NA,NA,NA,NA,NA,NA,NA,NA
"Animalia",NA,"Animalia, Chordata, Vertebrata, Osteichthyes, Actinopterygii, Neopterygii, Paracanthopterygii, Gadiformes, Macrouridae, Macrourinae","Aisen del General Carlos Ibanez del Campo","PreservedSpecimen",2,-74.4,"Chordata","http://portal.vertnet.org/o/usnm/fishes?id=http-n2t-net-ark-65665-30579ca0b-1325-4f59-9f2d-d37e9c8c5880",1888,39,NA,"fasciatus","National Museum of Natural History, Smithsonian Institution. NMNH Fishes. Record ID: http://n2t.net/ark:/65665/30579ca0b-1325-4f59-9f2d-d37e9c8c5880. Source: http://collections.nmnh.si.edu/ipt/resource?r=nmnh_extant_dwc-a (source published on 2016-07-21)","Macrouridae",NA,"not recorded",NA,"Pacific, Chile, Aisen del General Carlos Ibanez del Campo",NA,NA,NA,8,NA,"Fishes",NA,NA,NA,"USNM","Coelorinchus fasciatus","Actinopterygii",-48.6833,"http://n2t.net/ark:/65665/30579ca0b-1325-4f59-9f2d-d37e9c8c5880",NA,"CC0","Chile",NA,NA,"1888-02-08",NA,NA,NA,"Coelorinchus","Gadiformes","77290",39,NA,NA,NA,NA,NA,NA,NA,NA,NA,"Off Chile, South America",NA,"VertNet",NA,NA,NA,NA,NA,NA,NA,NA,3,NA,"Pacific",NA,NA,NA,NA,355,355,NA,NA,NA,NA,NA,NA,NA,NA,NA,NA,NA,NA,NA,NA,NA,"D. 2784",NA,NA,NA,NA,NA,"074 24 00 W","48 41 00 S",NA,NA,NA,NA,NA,NA,NA,NA,NA,NA,NA,NA,NA,NA,NA,NA,NA,NA,NA,NA,NA,NA,NA,NA,NA,NA,NA,NA,NA,NA,NA,NA
"Animalia","H. Fehlmann","Animalia, Chordata, Vertebrata, Osteichthyes, Actinopterygii, Neopterygii, Protacanthopterygii, Osmeriformes, Osmeroidei, Galaxiidae, Galaxiinae",NA,"PreservedSpecimen",5,-70.45,"Chordata","http://portal.vertnet.org/o/usnm/fishes?id=http-n2t-net-ark-65665-326a8244b-596f-40d5-bfbb-adbaf8559277",1969,NA,NA,"maculatus","National Museum of Natural History, Smithsonian Institution. NMNH Fishes. Record ID: http://n2t.net/ark:/65665/326a8244b-596f-40d5-bfbb-adbaf8559277. Source: http://collections.nmnh.si.edu/ipt/resource?r=nmnh_extant_dwc-a (source published on 2016-07-21)","Galaxiidae",NA,"not recorded",NA,"South America, Chile",NA,NA,"1969 May 13 - 0000 00 00",13,NA,"Fishes",NA,NA,NA,"USNM","Galaxias maculatus","Actinopterygii",-53.8389,"http://n2t.net/ark:/65665/326a8244b-596f-40d5-bfbb-adbaf8559277",NA,"CC0","Chile",NA,NA,NA,NA,NA,"South America","Galaxias","Osmeriformes","331423",NA,NA,NA,NA,NA,NA,NA,NA,"69-20",NA,"Creek Near Chilean Naval Outpost, NNW of Harriss Bay, East Coast of Dawson Island, Chile.",NA,"VertNet",NA,NA,NA,NA,NA,NA,NA,NA,2,NA,NA,NA,NA,NA,NA,NA,NA,NA,"Degrees Minutes Seconds",NA,NA,NA,NA,NA,NA,NA,NA,NA,NA,NA,NA,NA,NA,NA,NA,NA,NA,NA,"07027 W","535020S",NA,NA,NA,NA,NA,NA,NA,NA,NA,NA,NA,NA,NA,NA,NA,NA,NA,NA,NA,NA,NA,NA,NA,NA,NA,NA,NA,NA,NA,NA,NA,NA
"Animalia","H. Fehlmann","Animalia, Chordata, Vertebrata, Osteichthyes, Actinopterygii, Neopterygii, Acanthopterygii, Scorpaeniformes, Cottoidei, Psychrolutidae",NA,"PreservedSpecimen",4,-70.925,"Chordata","http://portal.vertnet.org/o/usnm/fishes?id=http-n2t-net-ark-65665-327dad902-252d-4b9e-b8e8-00a916829e10",1970,NA,NA,"thomsonii","National Museum of Natural History, Smithsonian Institution. NMNH Fishes. Record ID: http://n2t.net/ark:/65665/327dad902-252d-4b9e-b8e8-00a916829e10. Source: http://collections.nmnh.si.edu/ipt/resource?r=nmnh_extant_dwc-a (source published on 2016-07-21)","Psychrolutidae",NA,"not recorded",NA,"Atlantic, Argentina",NA,NA,"1970 Apr 25 - 0000 00 00",25,NA,"Fishes",NA,NA,NA,"USNM","Cottunculus thomsonii","Actinopterygii",-53.6597,"http://n2t.net/ark:/65665/327dad902-252d-4b9e-b8e8-00a916829e10",NA,"CC0","Argentina",NA,NA,NA,NA,NA,NA,"Cottunculus","Scorpaeniformes","403928",NA,NA,NA,NA,NA,NA,NA,NA,NA,NA,NA,NA,"VertNet",NA,NA,NA,NA,NA,NA,NA,NA,1,NA,"Atlantic",NA,NA,NA,NA,44,44,NA,"Degrees Minutes Seconds",NA,NA,NA,NA,NA,NA,NA,NA,NA,NA,NA,NA,NA,"467",NA,NA,NA,NA,NA,"07055.5W","5339.4S",NA,NA,NA,NA,NA,NA,NA,NA,NA,NA,NA,NA,NA,NA,NA,NA,NA,NA,NA,NA,NA,NA,NA,NA,NA,NA,NA,NA,NA,NA,NA,NA
"Animalia","M. Lobell, Knake & Westman","Animalia, Chordata, Vertebrata, Osteichthyes, Actinopterygii, Neopterygii, Paracanthopterygii, Gadiformes, Merlucciidae, Merlucciinae",NA,"PreservedSpecimen",1,-72.77,"Chordata","http://portal.vertnet.org/o/usnm/fishes?id=http-n2t-net-ark-65665-32b1bcca8-8c0b-4ce2-bcec-64d08658deaa",1945,NA,NA,"polylepis","National Museum of Natural History, Smithsonian Institution. NMNH Fishes. Record ID: http://n2t.net/ark:/65665/32b1bcca8-8c0b-4ce2-bcec-64d08658deaa. Source: http://collections.nmnh.si.edu/ipt/resource?r=nmnh_extant_dwc-a (source published on 2016-07-21)","Merlucciidae",NA,"not recorded",NA,"Pacific, Chile",NA,NA,"1945 Jan 21 - 0000 00 00",21,NA,"Fishes",NA,NA,NA,"USNM","Merluccius polylepis","Actinopterygii",-42.48,"http://n2t.net/ark:/65665/32b1bcca8-8c0b-4ce2-bcec-64d08658deaa",NA,"CC0","Chile",NA,NA,NA,NA,NA,NA,"Merluccius","Gadiformes","157765",NA,NA,NA,NA,NA,NA,NA,NA,"U-42-350",NA,"Chile Castro",NA,"VertNet",NA,NA,NA,NA,NA,"Paratype",NA,NA,1,NA,"Pacific",NA,NA,NA,NA,NA,NA,NA,"Degrees Minutes Seconds",NA,NA,NA,NA,NA,NA,NA,NA,NA,NA,NA,NA,NA,NA,NA,NA,NA,NA,NA,"07246 W","4229 S",NA,NA,NA,NA,NA,NA,NA,NA,NA,NA,NA,NA,NA,NA,NA,NA,NA,NA,NA,NA,NA,NA,NA,NA,NA,NA,NA,NA,NA,NA,NA,NA
"Animalia",NA,"Animalia, Chordata, Vertebrata, Osteichthyes, Actinopterygii, Neopterygii, Acanthopterygii, Pleuronectiformes, Pleuronectoidei, Paralichthyidae",NA,"PreservedSpecimen",2,-75.25,"Chordata","http://portal.vertnet.org/o/usnm/fishes?id=http-n2t-net-ark-65665-32ca67e15-3e6c-4676-a9c0-3a9aeabbe238",1888,40,NA,"mystacium","National Museum of Natural History, Smithsonian Institution. NMNH Fishes. Record ID: http://n2t.net/ark:/65665/32ca67e15-3e6c-4676-a9c0-3a9aeabbe238. Source: http://collections.nmnh.si.edu/ipt/resource?r=nmnh_extant_dwc-a (source published on 2016-07-21)","Paralichthyidae",NA,"not recorded",NA,"Pacific, Chile",NA,NA,NA,9,NA,"Fishes",NA,NA,NA,"USNM","Hippoglossina mystacium","Actinopterygii",-46.7917,"http://n2t.net/ark:/65665/32ca67e15-3e6c-4676-a9c0-3a9aeabbe238",NA,"CC0","Chile",NA,NA,"1888-02-09",NA,NA,NA,"Hippoglossina","Pleuronectiformes","77393",40,NA,NA,NA,NA,NA,NA,"Illustration",NA,NA,"Off Chile, South America",NA,"VertNet",NA,NA,NA,NA,NA,"Type",NA,NA,1,NA,"Pacific",NA,NA,NA,NA,112,112,NA,NA,NA,NA,NA,NA,NA,NA,NA,NA,NA,NA,NA,NA,NA,"D. 2787",NA,NA,"5007377",NA,NA,"075 15 00 W","46 47 30 S",NA,NA,NA,NA,NA,NA,NA,NA,NA,NA,NA,NA,NA,NA,NA,NA,NA,NA,NA,NA,NA,NA,NA,NA,NA,NA,NA,NA,NA,NA,NA,NA
"Animalia","D. Pawson","Animalia, Chordata, Vertebrata, Osteichthyes, Actinopterygii, Neopterygii, Acanthopterygii, Perciformes, Notothenioidei, Nototheniidae",NA,"PreservedSpecimen",10,-73.67,"Chordata","http://portal.vertnet.org/o/usnm/fishes?id=http-n2t-net-ark-65665-3341e4007-8078-413e-a526-a589cc12437e",1969,NA,NA,"cornucola","National Museum of Natural History, Smithsonian Institution. NMNH Fishes. Record ID: http://n2t.net/ark:/65665/3341e4007-8078-413e-a526-a589cc12437e. Source: http://collections.nmnh.si.edu/ipt/resource?r=nmnh_extant_dwc-a (source published on 2016-07-21)","Nototheniidae",NA,"not recorded",NA,"Pacific, Chile",NA,NA,"1969 Oct 31 - 0000 00 00",31,NA,"Fishes",NA,NA,NA,"USNM","Patagonotothen cornucola","Actinopterygii",-52.37,"http://n2t.net/ark:/65665/3341e4007-8078-413e-a526-a589cc12437e",NA,"CC0","Chile",NA,NA,NA,NA,NA,NA,"Patagonotothen","Perciformes","367112",NA,NA,NA,NA,NA,NA,NA,NA,NA,NA,"W. Side of Isla Campbell",NA,"VertNet",NA,NA,NA,NA,NA,NA,NA,NA,2,NA,"Pacific",NA,NA,NA,NA,NA,NA,NA,"Degrees Minutes Seconds",NA,NA,NA,NA,NA,NA,NA,NA,NA,NA,NA,NA,NA,"216",NA,NA,NA,NA,NA,"07340 W","5222 S",NA,NA,NA,NA,NA,NA,NA,NA,NA,NA,NA,NA,NA,NA,NA,NA,NA,NA,NA,NA,NA,NA,NA,NA,NA,NA,NA,NA,NA,NA,NA,NA
"Animalia",NA,"Animalia, Chordata, Vertebrata, Osteichthyes, Actinopterygii, Neopterygii, Acanthopterygii, Perciformes, Notothenioidei, Nototheniidae",NA,"PreservedSpecimen",1,-70.92,"Chordata","http://portal.vertnet.org/o/usnm/fishes?id=http-n2t-net-ark-65665-338174841-74f2-4bf7-bc28-c6cbf0530d8e",1888,NA,NA,"longipes","National Museum of Natural History, Smithsonian Institution. NMNH Fishes. Record ID: http://n2t.net/ark:/65665/338174841-74f2-4bf7-bc28-c6cbf0530d8e. Source: http://collections.nmnh.si.edu/ipt/resource?r=nmnh_extant_dwc-a (source published on 2016-07-21)","Nototheniidae",NA,"not recorded",NA,"Pacific, Chile",NA,NA,"1888 Jan 27 - 0000 00 00",27,NA,"Fishes",NA,NA,NA,"USNM","Patagonotothen longipes","Actinopterygii",-53.17,"http://n2t.net/ark:/65665/338174841-74f2-4bf7-bc28-c6cbf0530d8e",NA,"CC0","Chile",NA,NA,NA,NA,NA,NA,"Patagonotothen","Perciformes","77347",NA,NA,NA,NA,NA,NA,NA,NA,NA,NA,"Sts. Magellan, Sandy Point (Punta Arenas)",NA,"VertNet",NA,NA,NA,NA,NA,NA,NA,NA,9,NA,"Pacific","2 to brit. mus., 1935",NA,NA,NA,NA,NA,NA,"Degrees Minutes Seconds",NA,NA,NA,NA,NA,NA,NA,NA,NA,NA,NA,NA,NA,NA,NA,NA,NA,NA,NA,"07055 W","5310 S",NA,NA,NA,NA,NA,NA,NA,NA,NA,NA,NA,NA,NA,NA,NA,NA,NA,NA,NA,NA,NA,NA,NA,NA,NA,NA,NA,NA,NA,NA,NA,NA
"Animalia","Fishermen","Animalia, Chordata, Vertebrata, Osteichthyes, Actinopterygii, Neopterygii, Acanthopterygii, Perciformes, Notothenioidei, Nototheniidae",NA,"PreservedSpecimen",1,-72.97,"Chordata","http://portal.vertnet.org/o/usnm/fishes?id=http-n2t-net-ark-65665-347e50d2a-6abf-4f62-84b8-4e6c9ea77e1c",1945,NA,NA,"maclovinus","National Museum of Natural History, Smithsonian Institution. NMNH Fishes. Record ID: http://n2t.net/ark:/65665/347e50d2a-6abf-4f62-84b8-4e6c9ea77e1c. Source: http://collections.nmnh.si.edu/ipt/resource?r=nmnh_extant_dwc-a (source published on 2016-07-21)","Nototheniidae",NA,"not recorded",NA,"Pacific, Chile",NA,NA,"1945 Jan 18 - 0000 00 00",18,NA,"Fishes",NA,NA,NA,"USNM","Eleginops maclovinus","Actinopterygii",-41.5,"http://n2t.net/ark:/65665/347e50d2a-6abf-4f62-84b8-4e6c9ea77e1c",NA,"CC0","Chile",NA,NA,NA,NA,NA,NA,"Eleginops","Perciformes","114933",NA,NA,NA,NA,NA,NA,NA,NA,NA,NA,"Chile: Puerto Montt and Canal Tenglo",NA,"VertNet",NA,NA,NA,NA,NA,NA,NA,NA,2,NA,"Pacific",NA,NA,NA,NA,NA,NA,NA,"Degrees Minutes Seconds",NA,NA,NA,NA,NA,NA,NA,NA,NA,NA,NA,NA,NA,NA,NA,NA,NA,NA,NA,"07258 W","4130 S",NA,NA,NA,NA,NA,NA,NA,NA,NA,NA,NA,NA,NA,NA,NA,NA,NA,NA,NA,NA,NA,NA,NA,NA,NA,NA,NA,NA,NA,NA,NA,NA
"Animalia","M. Lobell","Animalia, Chordata, Vertebrata, Osteichthyes, Actinopterygii, Neopterygii, Acanthopterygii, Perciformes, Percoidei, Bovichtidae",NA,"PreservedSpecimen",2,-73.45,"Chordata","http://portal.vertnet.org/o/usnm/fishes?id=http-n2t-net-ark-65665-34b6c3adf-8969-4d3d-8f7c-d8409dbca086",1945,NA,NA,"gobio","National Museum of Natural History, Smithsonian Institution. NMNH Fishes. Record ID: http://n2t.net/ark:/65665/34b6c3adf-8969-4d3d-8f7c-d8409dbca086. Source: http://collections.nmnh.si.edu/ipt/resource?r=nmnh_extant_dwc-a (source published on 2016-07-21)","Bovichtidae",NA,"not recorded",NA,"Pacific, Chile",NA,NA,"1945 Feb 01 - 0000 00 00",1,NA,"Fishes",NA,NA,NA,"USNM","Cottoperca gobio","Actinopterygii",-44.15,"http://n2t.net/ark:/65665/34b6c3adf-8969-4d3d-8f7c-d8409dbca086",NA,"CC0","Chile",NA,NA,NA,NA,NA,NA,"Cottoperca","Perciformes","176392",NA,NA,NA,NA,NA,NA,NA,NA,"U-43-390",NA,"Chile, Puerto Ballenas",NA,"VertNet",NA,NA,NA,NA,NA,NA,NA,NA,1,NA,"Pacific",NA,NA,NA,NA,NA,NA,NA,"Degrees Minutes Seconds",NA,NA,NA,NA,NA,NA,NA,NA,NA,NA,NA,NA,NA,NA,NA,NA,NA,NA,NA,"07327 W","4409 S",NA,NA,NA,NA,NA,NA,NA,NA,NA,NA,NA,NA,NA,NA,NA,NA,NA,NA,NA,NA,NA,NA,NA,NA,NA,NA,NA,NA,NA,NA,NA,NA
"Animalia",NA,"Animalia, Chordata, Vertebrata, Osteichthyes, Actinopterygii, Neopterygii, Paracanthopterygii, Gadiformes, Macrouridae, Macrourinae","Magallanes y Antartica Chilena","PreservedSpecimen",2,-74.1417,"Chordata","http://portal.vertnet.org/o/usnm/fishes?id=http-n2t-net-ark-65665-3505f65a3-29cc-4b67-a9e8-8f999857e302",1888,37,NA,"fasciatus","National Museum of Natural History, Smithsonian Institution. NMNH Fishes. Record ID: http://n2t.net/ark:/65665/3505f65a3-29cc-4b67-a9e8-8f999857e302. Source: http://collections.nmnh.si.edu/ipt/resource?r=nmnh_extant_dwc-a (source published on 2016-07-21)","Macrouridae",NA,"not recorded",NA,"Pacific, Chile, Magallanes y Antartica Chilena",NA,NA,NA,6,NA,"Fishes",NA,NA,NA,"USNM","Coelorinchus fasciatus","Actinopterygii",-51.0417,"http://n2t.net/ark:/65665/3505f65a3-29cc-4b67-a9e8-8f999857e302",NA,"CC0","Chile",NA,NA,"1888-02-06",NA,NA,NA,"Coelorinchus","Gadiformes","77289",37,NA,NA,NA,NA,NA,NA,NA,NA,NA,"Off Chile, South America",NA,"VertNet",NA,NA,NA,NA,NA,NA,NA,NA,2,NA,"Pacific",NA,NA,NA,NA,223,223,NA,NA,NA,NA,NA,NA,NA,NA,NA,NA,NA,NA,NA,NA,NA,"D. 2783",NA,NA,NA,NA,NA,"074 08 30 W","51 02 30 S",NA,NA,NA,NA,NA,NA,NA,NA,NA,NA,NA,NA,NA,NA,NA,NA,NA,NA,NA,NA,NA,NA,NA,NA,NA,NA,NA,NA,NA,NA,NA,NA
"Animalia","H. Fehlmann","Animalia, Chordata, Vertebrata, Osteichthyes, Actinopterygii, Neopterygii, Protacanthopterygii, Osmeriformes, Osmeroidei, Galaxiidae, Galaxiinae",NA,"PreservedSpecimen",5,-70.45,"Chordata","http://portal.vertnet.org/o/usnm/fishes?id=http-n2t-net-ark-65665-35be7dec3-999d-4bbe-8da5-bfb8e87c3598",1969,NA,NA,"maculatus","National Museum of Natural History, Smithsonian Institution. NMNH Fishes. Record ID: http://n2t.net/ark:/65665/35be7dec3-999d-4bbe-8da5-bfb8e87c3598. Source: http://collections.nmnh.si.edu/ipt/resource?r=nmnh_extant_dwc-a (source published on 2016-07-21)","Galaxiidae",NA,"not recorded",NA,"South America, Chile",NA,NA,"1969 May 13 - 0000 00 00",13,NA,"Fishes",NA,NA,NA,"USNM","Galaxias maculatus","Actinopterygii",-53.8389,"http://n2t.net/ark:/65665/35be7dec3-999d-4bbe-8da5-bfb8e87c3598",NA,"CC0","Chile",NA,NA,NA,NA,NA,"South America","Galaxias","Osmeriformes","331419",NA,NA,NA,NA,NA,NA,NA,NA,"69-20",NA,"Creek Near Chilean Naval Outpost, NNW of Harriss Bay, East Coast of Dawson Island, Chile.",NA,"VertNet",NA,NA,NA,NA,NA,NA,NA,NA,87,NA,NA,"5 spec. exchanged to chesapeake biol. lab. mar 1980, 2 specimens removed for c & s",NA,NA,NA,NA,NA,NA,"Degrees Minutes Seconds",NA,NA,NA,NA,NA,NA,NA,NA,NA,NA,NA,NA,NA,NA,NA,NA,NA,NA,NA,"07027 W","535020S",NA,NA,NA,NA,NA,NA,NA,NA,NA,NA,NA,NA,NA,NA,NA,NA,NA,NA,NA,NA,NA,NA,NA,NA,NA,NA,NA,NA,NA,NA,NA,NA
"Animalia",NA,"Animalia, Chordata, Vertebrata, Osteichthyes, Actinopterygii, Neopterygii, Acanthopterygii, Perciformes, Notothenioidei, Nototheniidae",NA,"PreservedSpecimen",4,-70.8425,"Chordata","http://portal.vertnet.org/o/usnm/fishes?id=http-n2t-net-ark-65665-35fb3435c-34d1-419a-b198-51b6c160554b",1969,NA,NA,"magellanica","National Museum of Natural History, Smithsonian Institution. NMNH Fishes. Record ID: http://n2t.net/ark:/65665/35fb3435c-34d1-419a-b198-51b6c160554b. Source: http://collections.nmnh.si.edu/ipt/resource?r=nmnh_extant_dwc-a (source published on 2016-07-21)","Nototheniidae",NA,"not recorded",NA,"Pacific, Chile",NA,NA,"1969 Apr 16 - 0000 00 00",16,NA,"Fishes",NA,NA,NA,"USNM","Paranotothenia magellanica","Actinopterygii",-53.5133,"http://n2t.net/ark:/65665/35fb3435c-34d1-419a-b198-51b6c160554b",NA,"CC0","Chile",NA,NA,NA,NA,NA,NA,"Paranotothenia","Perciformes","369137",NA,NA,NA,NA,NA,NA,NA,NA,NA,NA,"At Punta Sta. Ana Peninsula De Brunswick, Chile From High Sub-Tidal.",NA,"VertNet",NA,NA,NA,NA,NA,NA,NA,NA,2,NA,"Pacific","Former umo collection.",NA,NA,NA,1,0,NA,"Degrees Minutes Seconds",NA,NA,NA,NA,NA,NA,NA,NA,NA,NA,NA,NA,NA,"69-6A",NA,NA,NA,NA,NA,"0705033W","533048S",NA,NA,NA,NA,NA,NA,NA,NA,NA,NA,NA,NA,NA,NA,NA,NA,NA,NA,NA,NA,NA,NA,NA,NA,NA,NA,NA,NA,NA,NA,NA,NA
"Animalia",NA,"Animalia, Chordata, Vertebrata, Osteichthyes, Actinopterygii, Neopterygii, Acanthopterygii, Scorpaeniformes, Cottoidei, Liparidae",NA,"PreservedSpecimen",5,-70.4311,"Chordata","http://portal.vertnet.org/o/usnm/fishes?id=http-n2t-net-ark-65665-360c83d2c-2469-411a-8e42-700a090046cd",1969,NA,NA,"pallidus","National Museum of Natural History, Smithsonian Institution. NMNH Fishes. Record ID: http://n2t.net/ark:/65665/360c83d2c-2469-411a-8e42-700a090046cd. Source: http://collections.nmnh.si.edu/ipt/resource?r=nmnh_extant_dwc-a (source published on 2016-07-21)","Liparidae",NA,"not recorded",NA,"Pacific, Chile",NA,NA,"1969 May 18 - 0000 00 00",18,NA,"Fishes",NA,NA,NA,"USNM","Careproctus pallidus","Actinopterygii",-53.8589,"http://n2t.net/ark:/65665/360c83d2c-2469-411a-8e42-700a090046cd",NA,"CC0","Chile",NA,NA,NA,NA,NA,NA,"Careproctus","Scorpaeniformes","347660",NA,NA,NA,NA,NA,NA,NA,NA,NA,NA,"Kelp Beds On SSE Side of Harriss Bay, East Coast of Dawson Island, Chile",NA,"VertNet",NA,NA,NA,NA,NA,NA,NA,NA,1,NA,"Pacific",NA,NA,NA,NA,3,2,NA,"Degrees Minutes Seconds",NA,NA,NA,NA,NA,NA,NA,NA,NA,NA,NA,NA,NA,"69-24",NA,NA,NA,NA,NA,"0702552W","535132S",NA,NA,NA,NA,NA,NA,NA,NA,NA,NA,NA,NA,NA,NA,NA,NA,NA,NA,NA,NA,NA,NA,NA,NA,NA,NA,NA,NA,NA,NA,NA,NA
"Animalia",NA,"Animalia, Chordata, Vertebrata, Osteichthyes, Actinopterygii, Neopterygii, Acanthopterygii, Perciformes, Notothenioidei, Nototheniidae",NA,"PreservedSpecimen",2,-74.25,"Chordata","http://portal.vertnet.org/o/usnm/fishes?id=http-n2t-net-ark-65665-367315cc7-5011-41f0-ae60-1f1c1d7d3a36",1888,NA,NA,"tessellata","National Museum of Natural History, Smithsonian Institution. NMNH Fishes. Record ID: http://n2t.net/ark:/65665/367315cc7-5011-41f0-ae60-1f1c1d7d3a36. Source: http://collections.nmnh.si.edu/ipt/resource?r=nmnh_extant_dwc-a (source published on 2016-07-21)","Nototheniidae",NA,"not recorded",NA,"Pacific, Chile",NA,NA,"1888 Feb 05 - 0000 00 00",5,NA,"Fishes",NA,NA,NA,"USNM","Patagonotothen tessellata","Actinopterygii",-51.33,"http://n2t.net/ark:/65665/367315cc7-5011-41f0-ae60-1f1c1d7d3a36",NA,"CC0","Chile",NA,NA,NA,NA,NA,NA,"Patagonotothen","Perciformes","77345",NA,NA,NA,NA,NA,NA,NA,NA,NA,NA,"Mayne Harbor (Chile)",NA,"VertNet",NA,NA,"CA",NA,NA,NA,NA,NA,35,NA,"Pacific",NA,NA,NA,NA,NA,NA,NA,"Degrees Minutes Seconds",NA,NA,NA,NA,NA,NA,NA,NA,NA,NA,NA,NA,NA,NA,NA,NA,NA,NA,NA,"07415 W","5120 S",NA,NA,NA,NA,NA,NA,NA,NA,NA,NA,NA,NA,NA,NA,NA,NA,NA,NA,NA,NA,NA,NA,NA,NA,NA,NA,NA,NA,NA,NA,NA,NA
"Animalia","H. Fehlmann","Animalia, Chordata, Vertebrata, Osteichthyes, Actinopterygii, Neopterygii, Protacanthopterygii, Osmeriformes, Osmeroidei, Galaxiidae, Galaxiinae",NA,"PreservedSpecimen",5,-70.45,"Chordata","http://portal.vertnet.org/o/usnm/fishes?id=http-n2t-net-ark-65665-369169e32-9d97-4291-8597-76e963113851",1969,NA,NA,"maculatus","National Museum of Natural History, Smithsonian Institution. NMNH Fishes. Record ID: http://n2t.net/ark:/65665/369169e32-9d97-4291-8597-76e963113851. Source: http://collections.nmnh.si.edu/ipt/resource?r=nmnh_extant_dwc-a (source published on 2016-07-21)","Galaxiidae",NA,"not recorded",NA,"South America, Chile",NA,NA,"1969 May 13 - 0000 00 00",13,NA,"Fishes",NA,NA,NA,"USNM","Galaxias maculatus","Actinopterygii",-53.8389,"http://n2t.net/ark:/65665/369169e32-9d97-4291-8597-76e963113851",NA,"CC0","Chile",NA,NA,NA,NA,NA,"South America","Galaxias","Osmeriformes","315406",NA,NA,NA,NA,NA,NA,NA,"Glycerin with Bone Stain","69-20",NA,"Creek Near Chilean Naval Outpost, NNW of Harriss Bay, East Coast of Dawson Island, Chile.",NA,"VertNet",NA,NA,NA,NA,NA,NA,NA,NA,2,NA,NA,"Originally cataloged as 1 specimen but as of November 2009, there are actually 2 specimens in glycerin.",NA,NA,NA,NA,NA,NA,"Degrees Minutes Seconds",NA,NA,NA,NA,NA,NA,NA,NA,NA,NA,NA,NA,NA,NA,NA,NA,NA,NA,NA,"07027 W","535020S",NA,NA,NA,NA,NA,NA,NA,NA,NA,NA,NA,NA,NA,NA,NA,NA,NA,NA,NA,NA,NA,NA,NA,NA,NA,NA,NA,NA,NA,NA,NA,NA
"Animalia","M. Lobell","Animalia, Chordata, Vertebrata, Osteichthyes, Actinopterygii, Neopterygii, Acanthopterygii, Perciformes, Gobioidei, Gobiidae, Gobiinae",NA,"PreservedSpecimen",2,-73.88,"Chordata","http://portal.vertnet.org/o/usnm/fishes?id=http-n2t-net-ark-65665-36fd568ea-dbaa-4836-ab6a-32ef71c79cae",1945,NA,NA,"ophiocephalus","National Museum of Natural History, Smithsonian Institution. NMNH Fishes. Record ID: http://n2t.net/ark:/65665/36fd568ea-dbaa-4836-ab6a-32ef71c79cae. Source: http://collections.nmnh.si.edu/ipt/resource?r=nmnh_extant_dwc-a (source published on 2016-07-21)","Gobiidae",NA,"not recorded",NA,"Pacific, Chile",NA,NA,"1945 Feb 07 - 0000 00 00",7,NA,"Fishes",NA,NA,NA,"USNM","Ophiogobius ophiocephalus","Actinopterygii",-41.87,"http://n2t.net/ark:/65665/36fd568ea-dbaa-4836-ab6a-32ef71c79cae",NA,"CC0","Chile",NA,NA,NA,NA,NA,NA,"Ophiogobius","Perciformes","176505",NA,NA,NA,NA,NA,NA,NA,NA,"U-42-411",NA,"Ancud, Chiloe I., Golfo de Quetalmaue, Pullingua.",NA,"VertNet",NA,NA,NA,NA,NA,NA,NA,NA,1,NA,"Pacific",NA,NA,NA,NA,NA,NA,NA,"Degrees Minutes Seconds",NA,NA,NA,NA,NA,NA,NA,NA,NA,NA,NA,NA,NA,NA,NA,NA,"10980279; 10980281",NA,NA,"07353 W","4152 S",NA,NA,NA,NA,NA,NA,NA,NA,NA,NA,NA,NA,NA,NA,NA,NA,NA,NA,NA,NA,NA,NA,NA,NA,NA,NA,NA,NA,NA,NA,NA,NA
"Animalia","Fisherman","Animalia, Chordata, Vertebrata, Osteichthyes, Actinopterygii, Neopterygii, Acanthopterygii, Perciformes, Percoidei, Bovichtidae",NA,"PreservedSpecimen",1,-72.83,"Chordata","http://portal.vertnet.org/o/usnm/fishes?id=http-n2t-net-ark-65665-36fd90e6a-bb08-4653-a99e-4d14f3597e93",1945,NA,NA,"chilensis","National Museum of Natural History, Smithsonian Institution. NMNH Fishes. Record ID: http://n2t.net/ark:/65665/36fd90e6a-bb08-4653-a99e-4d14f3597e93. Source: http://collections.nmnh.si.edu/ipt/resource?r=nmnh_extant_dwc-a (source published on 2016-07-21)","Bovichtidae",NA,"not recorded",NA,"Pacific, Chile",NA,NA,"1945 Jan 22 - 0000 00 00",22,NA,"Fishes",NA,NA,NA,"USNM","Bovichtus chilensis","Actinopterygii",-43.025,"http://n2t.net/ark:/65665/36fd90e6a-bb08-4653-a99e-4d14f3597e93",NA,"CC0","Chile",NA,NA,NA,NA,NA,NA,"Bovichtus","Perciformes","176393",NA,NA,NA,NA,NA,NA,NA,NA,"U-42-364",NA,"Chile, Puerto Auchemo",NA,"VertNet",NA,NA,NA,NA,NA,NA,NA,NA,1,NA,"Pacific",NA,NA,NA,NA,NA,NA,NA,"Degrees Minutes Seconds",NA,NA,NA,NA,NA,NA,NA,NA,NA,NA,NA,NA,NA,NA,NA,NA,NA,NA,NA,"07250 W","430130S",NA,NA,NA,NA,NA,NA,NA,NA,NA,NA,NA,NA,NA,NA,NA,NA,NA,NA,NA,NA,NA,NA,NA,NA,NA,NA,NA,NA,NA,NA,NA,NA
"Animalia","M. Lobell","Animalia, Chordata, Vertebrata, Osteichthyes, Actinopterygii, Neopterygii, Acanthopterygii, Perciformes, Notothenioidei, Nototheniidae",NA,"PreservedSpecimen",1,-72.83,"Chordata","http://portal.vertnet.org/o/usnm/fishes?id=http-n2t-net-ark-65665-37036d34a-8928-4a41-a0e2-b949612670c4",1945,NA,NA,"longipes","National Museum of Natural History, Smithsonian Institution. NMNH Fishes. Record ID: http://n2t.net/ark:/65665/37036d34a-8928-4a41-a0e2-b949612670c4. Source: http://collections.nmnh.si.edu/ipt/resource?r=nmnh_extant_dwc-a (source published on 2016-07-21)","Nototheniidae",NA,"not recorded",NA,"Pacific, Chile",NA,NA,"1945 Jan 24 - 0000 00 00",24,NA,"Fishes",NA,NA,NA,"USNM","Patagonotothen longipes","Actinopterygii",-43.025,"http://n2t.net/ark:/65665/37036d34a-8928-4a41-a0e2-b949612670c4",NA,"CC0","Chile",NA,NA,NA,NA,NA,NA,"Patagonotothen","Perciformes","176390",NA,NA,NA,NA,NA,NA,NA,NA,"U-42-371",NA,"Chile, Puerto Auchemo",NA,"VertNet",NA,NA,NA,NA,NA,NA,NA,NA,7,NA,"Pacific",NA,NA,NA,NA,NA,NA,NA,"Degrees Minutes Seconds",NA,NA,NA,NA,NA,NA,NA,NA,NA,NA,NA,NA,NA,NA,NA,NA,NA,NA,NA,"07250 W","430130S",NA,NA,NA,NA,NA,NA,NA,NA,NA,NA,NA,NA,NA,NA,NA,NA,NA,NA,NA,NA,NA,NA,NA,NA,NA,NA,NA,NA,NA,NA,NA,NA
"Animalia",NA,"Animalia, Chordata, Vertebrata, Osteichthyes, Actinopterygii, Neopterygii, Acanthopterygii, Perciformes, Notothenioidei, Nototheniidae",NA,"PreservedSpecimen",2,-74.25,"Chordata","http://portal.vertnet.org/o/usnm/fishes?id=http-n2t-net-ark-65665-370948c42-cd83-4ea2-a913-e95276493ede",1888,NA,NA,"squamiceps","National Museum of Natural History, Smithsonian Institution. NMNH Fishes. Record ID: http://n2t.net/ark:/65665/370948c42-cd83-4ea2-a913-e95276493ede. Source: http://collections.nmnh.si.edu/ipt/resource?r=nmnh_extant_dwc-a (source published on 2016-07-21)","Nototheniidae",NA,"not recorded",NA,"Pacific, Chile",NA,NA,"1888 Feb 05 - 0000 00 00",5,NA,"Fishes",NA,NA,NA,"USNM","Patagonotothen squamiceps","Actinopterygii",-51.33,"http://n2t.net/ark:/65665/370948c42-cd83-4ea2-a913-e95276493ede",NA,"CC0","Chile",NA,NA,NA,NA,NA,NA,"Patagonotothen","Perciformes","76884",NA,NA,NA,NA,NA,NA,NA,NA,NA,NA,"Mayne Harbor (Chile)",NA,"VertNet",NA,NA,"CA",NA,NA,NA,NA,NA,1,NA,"Pacific","01-59; drawn",NA,NA,NA,NA,NA,NA,"Degrees Minutes Seconds",NA,NA,NA,NA,NA,NA,NA,NA,NA,NA,NA,NA,NA,NA,NA,NA,NA,NA,NA,"07415 W","5120 S",NA,NA,NA,NA,NA,NA,NA,NA,NA,NA,NA,NA,NA,NA,NA,NA,NA,NA,NA,NA,NA,NA,NA,NA,NA,NA,NA,NA,NA,NA,NA,NA
"Animalia","M. Lobell & Derris","Animalia, Chordata, Vertebrata, Osteichthyes, Actinopterygii, Neopterygii, Acanthopterygii, Gobiesociformes, Gobiesocidae, Gobiesocidae, Gobiesocinae",NA,"PreservedSpecimen",1,-73,"Chordata","http://portal.vertnet.org/o/usnm/fishes?id=http-n2t-net-ark-65665-370fc3673-c412-4159-b1ce-b4ebed3b85e5",1945,NA,NA,"marmoratus","National Museum of Natural History, Smithsonian Institution. NMNH Fishes. Record ID: http://n2t.net/ark:/65665/370fc3673-c412-4159-b1ce-b4ebed3b85e5. Source: http://collections.nmnh.si.edu/ipt/resource?r=nmnh_extant_dwc-a (source published on 2016-07-21)","Gobiesocidae",NA,"not recorded",NA,"Pacific, Chile",NA,NA,"1945 Jan 24 - 0000 00 00",24,NA,"Fishes",NA,NA,NA,"USNM","Gobiesox marmoratus","Actinopterygii",-43.62,"http://n2t.net/ark:/65665/370fc3673-c412-4159-b1ce-b4ebed3b85e5",NA,"CC0","Chile",NA,NA,NA,NA,NA,NA,"Gobiesox","Gobiesociformes","176504",NA,NA,NA,NA,NA,NA,NA,NA,"U 42 378",NA,"Chile: Tictoc Bay",NA,"VertNet",NA,NA,NA,NA,NA,NA,NA,NA,5,NA,"Pacific",NA,NA,NA,NA,NA,NA,NA,"Degrees Minutes Seconds",NA,NA,NA,NA,NA,NA,NA,NA,NA,NA,NA,NA,NA,NA,NA,NA,NA,NA,NA,"07300 W","4337 S",NA,NA,NA,NA,NA,NA,NA,NA,NA,NA,NA,NA,NA,NA,NA,NA,NA,NA,NA,NA,NA,NA,NA,NA,NA,NA,NA,NA,NA,NA,NA,NA
"Animalia",NA,"Animalia, Chordata, Vertebrata, Osteichthyes, Actinopterygii, Neopterygii, Paracanthopterygii, Gadiformes, Moridae","Magallanes y Antartica Chilena","PreservedSpecimen",2,-74.1417,"Chordata","http://portal.vertnet.org/o/usnm/fishes?id=http-n2t-net-ark-65665-377ff4f49-c5c3-44d3-a204-c769bbd80414",1888,37,NA,"marginata","National Museum of Natural History, Smithsonian Institution. NMNH Fishes. Record ID: http://n2t.net/ark:/65665/377ff4f49-c5c3-44d3-a204-c769bbd80414. Source: http://collections.nmnh.si.edu/ipt/resource?r=nmnh_extant_dwc-a (source published on 2016-07-21)","Moridae",NA,"not recorded",NA,"Pacific, Chile, Magallanes y Antartica Chilena",NA,NA,NA,6,NA,"Fishes",NA,NA,NA,"USNM","Notophycis marginata","Actinopterygii",-51.0417,"http://n2t.net/ark:/65665/377ff4f49-c5c3-44d3-a204-c769bbd80414",NA,"CC0","Chile",NA,NA,"1888-02-06",NA,NA,NA,"Notophycis","Gadiformes","77376",37,NA,NA,NA,NA,NA,NA,NA,NA,NA,"Off Chile, South America",NA,"VertNet",NA,NA,NA,NA,NA,NA,NA,NA,2,NA,"Pacific",NA,NA,NA,NA,223,223,NA,NA,NA,NA,NA,NA,NA,NA,NA,NA,NA,NA,NA,NA,NA,"D. 2783",NA,NA,NA,NA,NA,"074 08 30 W","51 02 30 S",NA,NA,NA,NA,NA,NA,NA,NA,NA,NA,NA,NA,NA,NA,NA,NA,NA,NA,NA,NA,NA,NA,NA,NA,NA,NA,NA,NA,NA,NA,NA,NA
"Animalia","M. Lobell","Animalia, Chordata, Vertebrata, Osteichthyes, Actinopterygii, Neopterygii, Acanthopterygii, Syngnathiformes, Syngnathoidei, Syngnathidae, Syngnathinae",NA,"PreservedSpecimen",2,-73.62,"Chordata","http://portal.vertnet.org/o/usnm/fishes?id=http-n2t-net-ark-65665-37bc16a42-9b53-4256-92dc-49fcc8d04097",1945,NA,NA,"blainvilleanus","National Museum of Natural History, Smithsonian Institution. NMNH Fishes. Record ID: http://n2t.net/ark:/65665/37bc16a42-9b53-4256-92dc-49fcc8d04097. Source: http://collections.nmnh.si.edu/ipt/resource?r=nmnh_extant_dwc-a (source published on 2016-07-21)","Syngnathidae",NA,"not recorded",NA,"Pacific, Chile",NA,NA,"1945 Feb 02 - 1945 Feb 03",2,NA,"Fishes",NA,NA,NA,"USNM","Leptonotus blainvilleanus","Actinopterygii",-43.13,"http://n2t.net/ark:/65665/37bc16a42-9b53-4256-92dc-49fcc8d04097",NA,"CC0","Chile",NA,NA,NA,NA,NA,NA,"Leptonotus","Syngnathiformes","176569",NA,NA,NA,NA,NA,NA,NA,"Glycerin with Bone Stain",NA,NA,"Chile: Auellon (Chiloe I.)",NA,"VertNet",NA,NA,NA,NA,NA,NA,NA,NA,4,NA,"Pacific",NA,NA,NA,NA,NA,NA,NA,"Degrees Minutes Seconds",NA,NA,NA,NA,NA,NA,NA,NA,NA,NA,NA,NA,NA,NA,NA,NA,NA,NA,NA,"07337 W","4308 S",NA,NA,NA,NA,NA,NA,NA,NA,NA,NA,NA,NA,NA,NA,NA,NA,NA,NA,NA,NA,NA,NA,NA,NA,NA,NA,NA,NA,NA,NA,NA,NA
"Animalia","D. Pawson","Animalia, Chordata, Vertebrata, Osteichthyes, Actinopterygii, Neopterygii, Acanthopterygii, Perciformes, Notothenioidei, Nototheniidae",NA,"PreservedSpecimen",10,-73.67,"Chordata","http://portal.vertnet.org/o/usnm/fishes?id=http-n2t-net-ark-65665-381d54aee-1fe0-4993-bf19-46a05a44dd4b",1969,NA,NA,"sima","National Museum of Natural History, Smithsonian Institution. NMNH Fishes. Record ID: http://n2t.net/ark:/65665/381d54aee-1fe0-4993-bf19-46a05a44dd4b. Source: http://collections.nmnh.si.edu/ipt/resource?r=nmnh_extant_dwc-a (source published on 2016-07-21)","Nototheniidae",NA,"not recorded",NA,"Pacific, Chile",NA,NA,"1969 Oct 31 - 0000 00 00",31,NA,"Fishes",NA,NA,NA,"USNM","Patagonotothen sima","Actinopterygii",-52.37,"http://n2t.net/ark:/65665/381d54aee-1fe0-4993-bf19-46a05a44dd4b",NA,"CC0","Chile",NA,NA,NA,NA,NA,NA,"Patagonotothen","Perciformes","367133",NA,NA,NA,NA,NA,NA,NA,NA,NA,NA,"W. Side of Isla Campbell",NA,"VertNet",NA,NA,NA,NA,NA,NA,NA,NA,1,NA,"Pacific",NA,NA,NA,NA,NA,NA,NA,"Degrees Minutes Seconds",NA,NA,NA,NA,NA,NA,NA,NA,NA,NA,NA,NA,NA,"216",NA,NA,NA,NA,NA,"07340 W","5222 S",NA,NA,NA,NA,NA,NA,NA,NA,NA,NA,NA,NA,NA,NA,NA,NA,NA,NA,NA,NA,NA,NA,NA,NA,NA,NA,NA,NA,NA,NA,NA,NA
"Animalia","M. Morrell","Animalia, Chordata, Vertebrata, Osteichthyes, Actinopterygii, Neopterygii, Paracanthopterygii, Gadiformes, Moridae",NA,"PreservedSpecimen",10,-72.95,"Chordata","http://portal.vertnet.org/o/usnm/fishes?id=http-n2t-net-ark-65665-384bf1145-b2f7-4e90-a1c6-1736605b8bb6",1967,NA,NA,"australis","National Museum of Natural History, Smithsonian Institution. NMNH Fishes. Record ID: http://n2t.net/ark:/65665/384bf1145-b2f7-4e90-a1c6-1736605b8bb6. Source: http://collections.nmnh.si.edu/ipt/resource?r=nmnh_extant_dwc-a (source published on 2016-07-21)","Moridae",NA,"not recorded",NA,"Pacific, Chile",NA,NA,"1967 Oct 10 - 0000 00 00",10,NA,"Fishes",NA,NA,NA,"USNM","Salilota australis","Actinopterygii",-42.3,"http://n2t.net/ark:/65665/384bf1145-b2f7-4e90-a1c6-1736605b8bb6",NA,"CC0","Chile",NA,NA,NA,NA,NA,NA,"Salilota","Gadiformes","227654",NA,NA,NA,NA,NA,NA,NA,NA,"MM 8-A",NA,"Golfo de Ancud, Chile",NA,"VertNet",NA,NA,NA,NA,NA,NA,NA,NA,1,NA,"Pacific",NA,NA,NA,NA,400,400,NA,"Degrees Minutes Seconds",NA,NA,NA,NA,NA,NA,NA,NA,NA,NA,NA,NA,NA,NA,NA,NA,NA,NA,NA,"07257 W","4218 S",NA,NA,NA,NA,NA,NA,NA,NA,NA,NA,NA,NA,NA,NA,NA,NA,NA,NA,NA,NA,NA,NA,NA,NA,NA,NA,NA,NA,NA,NA,NA,NA
"Animalia",NA,"Animalia, Chordata, Vertebrata, Osteichthyes, Actinopterygii, Neopterygii, Acanthopterygii, Perciformes, Notothenioidei, Nototheniidae",NA,"PreservedSpecimen",2,-73.87,"Chordata","http://portal.vertnet.org/o/usnm/fishes?id=http-n2t-net-ark-65665-38a1a13fb-b71e-4ea1-ba8b-1eea6eae2eda",1888,NA,NA,"longipes","National Museum of Natural History, Smithsonian Institution. NMNH Fishes. Record ID: http://n2t.net/ark:/65665/38a1a13fb-b71e-4ea1-ba8b-1eea6eae2eda. Source: http://collections.nmnh.si.edu/ipt/resource?r=nmnh_extant_dwc-a (source published on 2016-07-21)","Nototheniidae",NA,"not recorded",NA,"Pacific, Chile",NA,NA,"1888 Feb 02 - 0000 00 00",2,NA,"Fishes",NA,NA,NA,"USNM","Patagonotothen longipes","Actinopterygii",-53.1,"http://n2t.net/ark:/65665/38a1a13fb-b71e-4ea1-ba8b-1eea6eae2eda",NA,"CC0","Chile",NA,NA,NA,NA,NA,NA,"Patagonotothen","Perciformes","77353",NA,NA,NA,NA,NA,NA,NA,NA,NA,NA,"Off Chile, South America: Port Churruca, Sts. Magellan",NA,"VertNet",NA,NA,NA,NA,NA,NA,NA,NA,5,NA,"Pacific",NA,NA,NA,NA,NA,NA,NA,"Degrees Minutes Seconds",NA,NA,NA,NA,NA,NA,NA,NA,NA,NA,NA,NA,NA,NA,NA,NA,NA,NA,NA,"07352 W","5306 S",NA,NA,NA,NA,NA,NA,NA,NA,NA,NA,NA,NA,NA,NA,NA,NA,NA,NA,NA,NA,NA,NA,NA,NA,NA,NA,NA,NA,NA,NA,NA,NA
"Animalia",NA,"Animalia, Chordata, Vertebrata, Osteichthyes, Actinopterygii, Neopterygii, Paracanthopterygii, Gadiformes, Macrouridae, Macrourinae","Aisen del General Carlos Ibanez del Campo","PreservedSpecimen",2,-74.4,"Chordata","http://portal.vertnet.org/o/usnm/fishes?id=http-n2t-net-ark-65665-38daca310-2990-4dbb-a8bc-fea37f331d83",1888,39,NA,"patagoniae","National Museum of Natural History, Smithsonian Institution. NMNH Fishes. Record ID: http://n2t.net/ark:/65665/38daca310-2990-4dbb-a8bc-fea37f331d83. Source: http://collections.nmnh.si.edu/ipt/resource?r=nmnh_extant_dwc-a (source published on 2016-07-21)","Macrouridae",NA,"not recorded",NA,"Pacific, Chile, Aisen del General Carlos Ibanez del Campo",NA,NA,NA,8,NA,"Fishes",NA,NA,NA,"USNM","Coelorhynchus patagoniae","Actinopterygii",-48.6833,"http://n2t.net/ark:/65665/38daca310-2990-4dbb-a8bc-fea37f331d83",NA,"CC0","Chile",NA,NA,"1888-02-08",NA,NA,NA,"Coelorhynchus","Gadiformes","76862",39,NA,NA,NA,NA,NA,NA,"Illustration",NA,NA,"Off Chile, South America",NA,"VertNet",NA,NA,NA,NA,NA,"Type",NA,NA,1,NA,"Pacific",NA,NA,NA,NA,355,355,NA,NA,NA,NA,NA,NA,NA,NA,NA,NA,NA,NA,NA,NA,NA,"D. 2784",NA,NA,"5005681",NA,NA,"074 24 00 W","48 41 00 S",NA,NA,NA,NA,NA,NA,NA,NA,NA,NA,NA,NA,NA,NA,NA,NA,NA,NA,NA,NA,NA,NA,NA,NA,NA,NA,NA,NA,NA,NA,NA,NA
"Animalia","Fishermen","Animalia, Chordata, Vertebrata, Osteichthyes, Actinopterygii, Neopterygii, Acanthopterygii, Perciformes, Notothenioidei, Nototheniidae",NA,"PreservedSpecimen",1,-72.97,"Chordata","http://portal.vertnet.org/o/usnm/fishes?id=http-n2t-net-ark-65665-38ff17e9c-40c4-480a-91cc-f43c947cc5c3",1945,NA,NA,"maclovinus","National Museum of Natural History, Smithsonian Institution. NMNH Fishes. Record ID: http://n2t.net/ark:/65665/38ff17e9c-40c4-480a-91cc-f43c947cc5c3. Source: http://collections.nmnh.si.edu/ipt/resource?r=nmnh_extant_dwc-a (source published on 2016-07-21)","Nototheniidae",NA,"not recorded",NA,"Pacific, Chile",NA,NA,"1945 Jan 18 - 0000 00 00",18,NA,"Fishes",NA,NA,NA,"USNM","Eleginops maclovinus","Actinopterygii",-41.5,"http://n2t.net/ark:/65665/38ff17e9c-40c4-480a-91cc-f43c947cc5c3",NA,"CC0","Chile",NA,NA,NA,NA,NA,NA,"Eleginops","Perciformes","176389",NA,NA,NA,NA,NA,NA,NA,NA,NA,NA,"Chile: Puerto Montt and Canal Tenglo",NA,"VertNet",NA,NA,NA,NA,NA,NA,NA,NA,3,NA,"Pacific",NA,NA,NA,NA,NA,NA,NA,"Degrees Minutes Seconds",NA,NA,NA,NA,NA,NA,NA,NA,NA,NA,NA,NA,NA,NA,NA,NA,NA,NA,NA,"07258 W","4130 S",NA,NA,NA,NA,NA,NA,NA,NA,NA,NA,NA,NA,NA,NA,NA,NA,NA,NA,NA,NA,NA,NA,NA,NA,NA,NA,NA,NA,NA,NA,NA,NA
"Animalia",NA,"Animalia, Chordata, Vertebrata, Osteichthyes, Actinopterygii, Neopterygii, Acanthopterygii, Perciformes, Notothenioidei, Nototheniidae",NA,"PreservedSpecimen",1,-70.92,"Chordata","http://portal.vertnet.org/o/usnm/fishes?id=http-n2t-net-ark-65665-3b10a7c97-742a-4a4b-9e1e-4288133e0eba",1888,NA,NA,"cornucola","National Museum of Natural History, Smithsonian Institution. NMNH Fishes. Record ID: http://n2t.net/ark:/65665/3b10a7c97-742a-4a4b-9e1e-4288133e0eba. Source: http://collections.nmnh.si.edu/ipt/resource?r=nmnh_extant_dwc-a (source published on 2016-07-21)","Nototheniidae",NA,"not recorded",NA,"Pacific, Chile",NA,NA,"1888 Jan 24 - 0000 00 00",24,NA,"Fishes",NA,NA,NA,"USNM","Patagonotothen cornucola","Actinopterygii",-53.17,"http://n2t.net/ark:/65665/3b10a7c97-742a-4a4b-9e1e-4288133e0eba",NA,"CC0","Chile",NA,NA,NA,NA,NA,NA,"Patagonotothen","Perciformes","77334",NA,NA,NA,NA,NA,NA,NA,NA,NA,NA,"Sts. Magellan, Sandy Point",NA,"VertNet",NA,NA,NA,NA,NA,NA,NA,NA,3,NA,"Pacific",NA,NA,NA,NA,NA,NA,NA,"Degrees Minutes Seconds",NA,NA,NA,NA,NA,NA,NA,NA,NA,NA,NA,NA,NA,NA,NA,NA,NA,NA,NA,"07055 W","5310 S",NA,NA,NA,NA,NA,NA,NA,NA,NA,NA,NA,NA,NA,NA,NA,NA,NA,NA,NA,NA,NA,NA,NA,NA,NA,NA,NA,NA,NA,NA,NA,NA
"Animalia","M. Lobell","Animalia, Chordata, Vertebrata, Osteichthyes, Actinopterygii, Neopterygii, Acanthopterygii, Perciformes, Notothenioidei, Nototheniidae",NA,"PreservedSpecimen",1,-73,"Chordata","http://portal.vertnet.org/o/usnm/fishes?id=http-n2t-net-ark-65665-3b8a7eea9-316a-437c-98a8-5888cf2096cd",1945,NA,NA,"maclovinus","National Museum of Natural History, Smithsonian Institution. NMNH Fishes. Record ID: http://n2t.net/ark:/65665/3b8a7eea9-316a-437c-98a8-5888cf2096cd. Source: http://collections.nmnh.si.edu/ipt/resource?r=nmnh_extant_dwc-a (source published on 2016-07-21)","Nototheniidae",NA,"not recorded",NA,"Pacific, Chile",NA,NA,"1945 Jan 24 - 0000 00 00",24,NA,"Fishes",NA,NA,NA,"USNM","Eleginops maclovinus","Actinopterygii",-43.62,"http://n2t.net/ark:/65665/3b8a7eea9-316a-437c-98a8-5888cf2096cd",NA,"CC0","Chile",NA,NA,NA,NA,NA,NA,"Eleginops","Perciformes","176386",NA,NA,NA,NA,NA,NA,NA,NA,"U-42-377",NA,"Chile: Tictoc Bay",NA,"VertNet",NA,NA,NA,NA,NA,NA,NA,NA,2,NA,"Pacific",NA,NA,NA,NA,NA,NA,NA,"Degrees Minutes Seconds",NA,NA,NA,NA,NA,NA,NA,NA,NA,NA,NA,NA,NA,NA,NA,NA,NA,NA,NA,"07300 W","4337 S",NA,NA,NA,NA,NA,NA,NA,NA,NA,NA,NA,NA,NA,NA,NA,NA,NA,NA,NA,NA,NA,NA,NA,NA,NA,NA,NA,NA,NA,NA,NA,NA
"Animalia","M. Morrell","Animalia, Chordata, Vertebrata, Osteichthyes, Actinopterygii, Neopterygii, Paracanthopterygii, Gadiformes, Merlucciidae, Merlucciinae",NA,"PreservedSpecimen",10,-73.48,"Chordata","http://portal.vertnet.org/o/usnm/fishes?id=http-n2t-net-ark-65665-3bd63d13a-049a-460f-ac4c-ab676456da45",1967,NA,NA,"magellanicus","National Museum of Natural History, Smithsonian Institution. NMNH Fishes. Record ID: http://n2t.net/ark:/65665/3bd63d13a-049a-460f-ac4c-ab676456da45. Source: http://collections.nmnh.si.edu/ipt/resource?r=nmnh_extant_dwc-a (source published on 2016-07-21)","Merlucciidae",NA,"not recorded",NA,"Pacific, Chile",NA,NA,"1967 Oct 01 - 0000 00 00",1,NA,"Fishes",NA,NA,NA,"USNM","Macruronus magellanicus","Actinopterygii",-42.55,"http://n2t.net/ark:/65665/3bd63d13a-049a-460f-ac4c-ab676456da45",NA,"CC0","Chile",NA,NA,NA,NA,NA,NA,"Macruronus","Gadiformes","226665",NA,NA,NA,NA,NA,NA,NA,NA,"MM 5-A",NA,"Near Castro, Chile",NA,"VertNet",NA,NA,NA,NA,NA,NA,NA,NA,1,NA,"Pacific",NA,NA,NA,NA,60,60,NA,"Degrees Minutes Seconds",NA,NA,NA,NA,NA,NA,NA,NA,NA,NA,NA,NA,NA,NA,NA,NA,NA,NA,NA,"07329 W","4233 S",NA,NA,NA,NA,NA,NA,NA,NA,NA,NA,NA,NA,NA,NA,NA,NA,NA,NA,NA,NA,NA,NA,NA,NA,NA,NA,NA,NA,NA,NA,NA,NA
"Animalia","H. Fehlmann","Animalia, Chordata, Vertebrata, Osteichthyes, Actinopterygii, Neopterygii, Protacanthopterygii, Osmeriformes, Osmeroidei, Galaxiidae, Galaxiinae",NA,"PreservedSpecimen",5,-70.45,"Chordata","http://portal.vertnet.org/o/usnm/fishes?id=http-n2t-net-ark-65665-3be2db9de-3096-416a-afe9-21981a851dc5",1969,NA,NA,"maculatus","National Museum of Natural History, Smithsonian Institution. NMNH Fishes. Record ID: http://n2t.net/ark:/65665/3be2db9de-3096-416a-afe9-21981a851dc5. Source: http://collections.nmnh.si.edu/ipt/resource?r=nmnh_extant_dwc-a (source published on 2016-07-21)","Galaxiidae",NA,"not recorded",NA,"South America, Chile",NA,NA,"1969 May 13 - 0000 00 00",13,NA,"Fishes",NA,NA,NA,"USNM","Galaxias maculatus","Actinopterygii",-53.8389,"http://n2t.net/ark:/65665/3be2db9de-3096-416a-afe9-21981a851dc5",NA,"CC0","Chile",NA,NA,NA,NA,NA,"South America","Galaxias","Osmeriformes","331421",NA,NA,NA,NA,NA,NA,NA,NA,"69-20",NA,"Creek Near Chilean Naval Outpost, NNW of Harriss Bay, East Coast of Dawson Island, Chile.",NA,"VertNet",NA,NA,NA,NA,NA,NA,NA,NA,2,NA,NA,NA,NA,NA,NA,NA,NA,NA,"Degrees Minutes Seconds",NA,NA,NA,NA,NA,NA,NA,NA,NA,NA,NA,NA,NA,NA,NA,NA,NA,NA,NA,"07027 W","535020S",NA,NA,NA,NA,NA,NA,NA,NA,NA,NA,NA,NA,NA,NA,NA,NA,NA,NA,NA,NA,NA,NA,NA,NA,NA,NA,NA,NA,NA,NA,NA,NA
"Animalia","M. Lobell","Animalia, Chordata, Vertebrata, Osteichthyes, Actinopterygii, Neopterygii, Paracanthopterygii, Batrachoidiformes, Batrachoididae, Porichthyinae",NA,"PreservedSpecimen",2,-73.62,"Chordata","http://portal.vertnet.org/o/usnm/fishes?id=http-n2t-net-ark-65665-3c100150f-7ca4-4196-851f-18a85dd704fe",1945,NA,NA,"porosus","National Museum of Natural History, Smithsonian Institution. NMNH Fishes. Record ID: http://n2t.net/ark:/65665/3c100150f-7ca4-4196-851f-18a85dd704fe. Source: http://collections.nmnh.si.edu/ipt/resource?r=nmnh_extant_dwc-a (source published on 2016-07-21)","Batrachoididae",NA,"not recorded",NA,"Pacific, Chile",NA,NA,"1945 Feb 02 - 1945 Feb 03",2,NA,"Fishes",NA,NA,NA,"USNM","Aphos porosus","Actinopterygii",-43.13,"http://n2t.net/ark:/65665/3c100150f-7ca4-4196-851f-18a85dd704fe",NA,"CC0","Chile",NA,NA,NA,NA,NA,NA,"Aphos","Batrachoidiformes","176500",NA,NA,NA,NA,NA,NA,NA,NA,NA,NA,"Chile: Auellon (Chiloe I.)",NA,"VertNet",NA,NA,NA,NA,NA,NA,NA,NA,1,NA,"Pacific",NA,NA,NA,NA,NA,NA,NA,"Degrees Minutes Seconds",NA,NA,NA,NA,NA,NA,NA,NA,NA,NA,NA,NA,NA,NA,NA,NA,NA,NA,NA,"07337 W","4308 S",NA,NA,NA,NA,NA,NA,NA,NA,NA,NA,NA,NA,NA,NA,NA,NA,NA,NA,NA,NA,NA,NA,NA,NA,NA,NA,NA,NA,NA,NA,NA,NA
"Animalia","M. Lobell, Knake & Westman","Animalia, Chordata, Vertebrata, Osteichthyes, Actinopterygii, Neopterygii, Paracanthopterygii, Gadiformes, Merlucciidae, Merlucciinae",NA,"PreservedSpecimen",1,-72.77,"Chordata","http://portal.vertnet.org/o/usnm/fishes?id=http-n2t-net-ark-65665-3cfbe60a7-9036-4e31-ad00-6ad145f3a5ea",1945,NA,NA,"polylepis","National Museum of Natural History, Smithsonian Institution. NMNH Fishes. Record ID: http://n2t.net/ark:/65665/3cfbe60a7-9036-4e31-ad00-6ad145f3a5ea. Source: http://collections.nmnh.si.edu/ipt/resource?r=nmnh_extant_dwc-a (source published on 2016-07-21)","Merlucciidae",NA,"not recorded",NA,"Pacific, Chile",NA,NA,"1945 Jan 22 - 0000 00 00",22,NA,"Fishes",NA,NA,NA,"USNM","Merluccius polylepis","Actinopterygii",-42.48,"http://n2t.net/ark:/65665/3cfbe60a7-9036-4e31-ad00-6ad145f3a5ea",NA,"CC0","Chile",NA,NA,NA,NA,NA,NA,"Merluccius","Gadiformes","157764",NA,NA,NA,NA,NA,NA,NA,NA,"U-42-359",NA,"Chile Castro",NA,"VertNet",NA,NA,NA,NA,NA,"Type",NA,NA,1,NA,"Pacific",NA,NA,NA,NA,NA,NA,NA,"Degrees Minutes Seconds",NA,NA,NA,NA,NA,NA,NA,NA,NA,NA,NA,NA,NA,NA,NA,NA,NA,NA,NA,"07246 W","4229 S",NA,NA,NA,NA,NA,NA,NA,NA,NA,NA,NA,NA,NA,NA,NA,NA,NA,NA,NA,NA,NA,NA,NA,NA,NA,NA,NA,NA,NA,NA,NA,NA
"Animalia","M. Lobell","Animalia, Chordata, Vertebrata, Osteichthyes, Actinopterygii, Neopterygii, Acanthopterygii, Perciformes, Gobioidei, Gobiidae, Gobiinae",NA,"MachineObservation",2,-73.88,"Chordata","http://portal.vertnet.org/o/usnm/fishes?id=http-n2t-net-ark-65665-3d1b08a90-28c1-4d2b-81ca-0350220019bd",1945,NA,NA,"ophiocephalus","National Museum of Natural History, Smithsonian Institution. NMNH Fishes. Record ID: http://n2t.net/ark:/65665/3d1b08a90-28c1-4d2b-81ca-0350220019bd. Source: http://collections.nmnh.si.edu/ipt/resource?r=nmnh_extant_dwc-a (source published on 2016-07-21)","Gobiidae",NA,"not recorded",NA,"Pacific, Chile",NA,NA,"1945 Feb 07 - 0000 00 00",7,NA,"Fishes",NA,NA,NA,"USNM","Ophiogobius ophiocephalus","Actinopterygii",-41.87,"http://n2t.net/ark:/65665/3d1b08a90-28c1-4d2b-81ca-0350220019bd",NA,"CC0","Chile",NA,NA,NA,NA,NA,NA,"Ophiogobius","Perciformes","RAD108929",NA,NA,NA,NA,NA,NA,NA,"Polyester","U-42-411",NA,"Ancud, Chiloe I., Golfo de Quetalmaue, Pullingua.",NA,"VertNet",NA,NA,NA,NA,NA,NA,NA,NA,2,NA,"Pacific",NA,NA,NA,NA,NA,NA,NA,"Degrees Minutes Seconds",NA,NA,NA,NA,NA,NA,NA,NA,NA,NA,NA,NA,NA,NA,NA,NA,"10980281; 10980279",NA,NA,"07353 W","4152 S",NA,NA,NA,NA,NA,NA,NA,NA,NA,NA,NA,NA,NA,NA,NA,NA,NA,NA,NA,NA,NA,NA,NA,NA,NA,NA,NA,NA,NA,NA,NA,NA
"Animalia","M. Lobell","Animalia, Chordata, Vertebrata, Osteichthyes, Actinopterygii, Neopterygii, Acanthopterygii, Perciformes, Percoidei, Bovichtidae",NA,"PreservedSpecimen",1,-73.55,"Chordata","http://portal.vertnet.org/o/usnm/fishes?id=http-n2t-net-ark-65665-3dd7626c2-b8b4-4c28-829b-54062bf70bf5",1945,NA,NA,"gobio","National Museum of Natural History, Smithsonian Institution. NMNH Fishes. Record ID: http://n2t.net/ark:/65665/3dd7626c2-b8b4-4c28-829b-54062bf70bf5. Source: http://collections.nmnh.si.edu/ipt/resource?r=nmnh_extant_dwc-a (source published on 2016-07-21)","Bovichtidae",NA,"not recorded",NA,"Pacific, Chile",NA,NA,"1945 Jan 25 - 0000 00 00",25,NA,"Fishes",NA,NA,NA,"USNM","Cottoperca gobio","Actinopterygii",-45.175,"http://n2t.net/ark:/65665/3dd7626c2-b8b4-4c28-829b-54062bf70bf5",NA,"CC0","Chile",NA,NA,NA,NA,NA,NA,"Cottoperca","Perciformes","176423",NA,NA,NA,NA,NA,NA,NA,NA,"U-42-385",NA,"Chile, Huichas Island",NA,"VertNet",NA,NA,NA,NA,NA,NA,NA,NA,1,NA,"Pacific",NA,NA,NA,NA,NA,NA,NA,"Degrees Minutes Seconds",NA,NA,NA,NA,NA,NA,NA,NA,NA,NA,NA,NA,NA,NA,NA,NA,NA,NA,NA,"07333 W","451030S",NA,NA,NA,NA,NA,NA,NA,NA,NA,NA,NA,NA,NA,NA,NA,NA,NA,NA,NA,NA,NA,NA,NA,NA,NA,NA,NA,NA,NA,NA,NA,NA
"Animalia","M. Lobell","Animalia, Chordata, Vertebrata, Osteichthyes, Actinopterygii, Neopterygii, Acanthopterygii, Perciformes, Notothenioidei, Nototheniidae",NA,"PreservedSpecimen",1,-73.1,"Chordata","http://portal.vertnet.org/o/usnm/fishes?id=http-n2t-net-ark-65665-3e3d9c86c-ad95-4868-9248-57cb0ffeb6e8",1945,NA,NA,"brevicauda","National Museum of Natural History, Smithsonian Institution. NMNH Fishes. Record ID: http://n2t.net/ark:/65665/3e3d9c86c-ad95-4868-9248-57cb0ffeb6e8. Source: http://collections.nmnh.si.edu/ipt/resource?r=nmnh_extant_dwc-a (source published on 2016-07-21)","Nototheniidae",NA,"not recorded",NA,"Pacific, Chile",NA,NA,"1945 Jan 20 - 0000 00 00",20,NA,"Fishes",NA,NA,NA,"USNM","Patagonotothen brevicauda","Actinopterygii",-41.9,"http://n2t.net/ark:/65665/3e3d9c86c-ad95-4868-9248-57cb0ffeb6e8",NA,"CC0","Chile",NA,NA,NA,NA,NA,NA,"Patagonotothen","Perciformes","200786",NA,NA,NA,NA,NA,NA,NA,NA,NA,NA,"Chile: Bahia Lin",NA,"VertNet",NA,NA,NA,NA,NA,NA,NA,NA,1,NA,"Pacific","Out of us 176597",NA,NA,NA,NA,NA,NA,"Degrees Minutes Seconds",NA,NA,NA,NA,NA,NA,NA,NA,NA,NA,NA,NA,NA,NA,NA,NA,NA,NA,NA,"07306 W","4154 S",NA,NA,NA,NA,NA,NA,NA,NA,NA,NA,NA,NA,NA,NA,NA,NA,NA,NA,NA,NA,NA,NA,NA,NA,NA,NA,NA,NA,NA,NA,NA,NA
"Animalia","M. Lobell","Animalia, Chordata, Vertebrata, Osteichthyes, Actinopterygii, Neopterygii, Acanthopterygii, Perciformes, Notothenioidei, Nototheniidae",NA,"PreservedSpecimen",1,-72.77,"Chordata","http://portal.vertnet.org/o/usnm/fishes?id=http-n2t-net-ark-65665-3f100c5fe-53df-4c27-a44b-ea0373e4b155",1945,NA,NA,"longipes","National Museum of Natural History, Smithsonian Institution. NMNH Fishes. Record ID: http://n2t.net/ark:/65665/3f100c5fe-53df-4c27-a44b-ea0373e4b155. Source: http://collections.nmnh.si.edu/ipt/resource?r=nmnh_extant_dwc-a (source published on 2016-07-21)","Nototheniidae",NA,"not recorded",NA,"Pacific, Chile",NA,NA,"1945 Jan 20 - 0000 00 00",20,NA,"Fishes",NA,NA,NA,"USNM","Patagonotothen longipes","Actinopterygii",-42.48,"http://n2t.net/ark:/65665/3f100c5fe-53df-4c27-a44b-ea0373e4b155",NA,"CC0","Chile",NA,NA,NA,NA,NA,NA,"Patagonotothen","Perciformes","114931",NA,NA,NA,NA,NA,NA,NA,NA,"U-42-350",NA,"Chile, Castro",NA,"VertNet",NA,NA,NA,NA,NA,NA,NA,NA,2,NA,"Pacific",NA,NA,NA,NA,NA,NA,NA,"Degrees Minutes Seconds",NA,NA,NA,NA,NA,NA,NA,NA,NA,NA,NA,NA,NA,NA,NA,NA,NA,NA,NA,"07246 W","4229 S",NA,NA,NA,NA,NA,NA,NA,NA,NA,NA,NA,NA,NA,NA,NA,NA,NA,NA,NA,NA,NA,NA,NA,NA,NA,NA,NA,NA,NA,NA,NA,NA
"Animalia",NA,"Animalia; Chordata; Vertebrata; Gnathostomata [vertebrate]; Actinopterygii; Neopterygii-Teleostei-Euteleostei; Paracanthopterygii; Ophidiiformes; Ophidiidae",NA,"PreservedSpecimen",1,-73,"Chordata","http://collections.peabody.yale.edu/search/Record/YPM-ICH-009312",1935,18,"Species","maculatus","Yale Peabody Museum. Vertebrate Zoology Division - Ichthyology, Yale Peabody Museum. Record ID: urn:uuid:7b996690-7670-4287-8809-5327c2b90a45. Source: http://ipt.peabody.yale.edu/ipt/resource.do?r=ipt_vz_ich (source published on 2017-10-22)","Ophidiidae",NA,"not recorded",NA,"South America; Pacific Ocean; Chile; Gulfo de Ancud","Open Access, http://creativecommons.org/publicdomain/zero/1.0/; see Yale Peabody policies at: http://hdl.handle.net/10079/8931zqj",NA,"1935-01-18",18,NA,"VZ",NA,NA,NA,"YPM","Genypterus maculatus","Actinopterygii",-42,"urn:uuid:7b996690-7670-4287-8809-5327c2b90a45","en","http://creativecommons.org/publicdomain/zero/1.0/","Chile",NA,"2016-03-04T13:06:31.000Z","1935-01-18","J. A. Moore","ICZN","South America","Genypterus","Ophidiiformes","YPM ICH 009312",18,NA,NA,"unspecified",NA,NA,NA,"10% form.->70% alc.",NA,"unspecified","Maillen Island, 9 miles from Puerto Montt",NA,"VertNet","(Tschudi, 1846)",NA,NA,NA,"Det. by: J. A. Moore",NA,NA,NA,1,"{ ""solr_long_lat"": ""-73,-42"" }","Pacific Ocean","number 9312; lot count 1",NA,NA,"6-6 fm",11,11,NA,NA,NA,NA,NA,"YPM",NA,"Yale Peabody Museum of Natural History",NA,"Gulfo de Ancud","brotulas; ophidiiforms; ray-finned fishes; vertebrates; chordates; animals","Genypterus maculatus",NA,NA,NA,NA,NA,NA,NA,NA,NA,NA,NA,NA,NA,NA,NA,NA,NA,NA,NA,NA,NA,NA,NA,NA,NA,NA,NA,NA,NA,NA,NA,NA,NA,NA,NA,NA,NA,NA,NA,NA,NA,NA,NA
"Animalia","C. C. Sanborn","Animalia Chordata Actinopterygii Perciformes Nototheniidae",NA,"PreservedSpecimen",2,-73.745244,"Chordata","http://portal.vertnet.org/o/fmnh/fishes?id=41ecab4b-9abd-4568-8d8c-47aeff8d659b",1923,34,NA,"cornucola","Field Museum of Natural History. Field Museum of Natural History (Zoology) Fish Collection. Record ID: 41ecab4b-9abd-4568-8d8c-47aeff8d659b. Source: http://fmipt.fieldmuseum.org:8080/ipt/resource.do?r=fmnh_fishes (source published on 2017-05-23)","Nototheniidae",NA,"not recorded",NA,"South America, Chile: Melinka, Ascunsion Island","https://www.fieldmuseum.org/field-museum-natural-history-conditions-and-suggested-norms-use-collections-data-and-images",NA,NA,3,NA,"Fishes",NA,NA,NA,"FMNH","Patagonotothen cornucola","Actinopterygii",-43.896964,"41ecab4b-9abd-4568-8d8c-47aeff8d659b","en","https://creativecommons.org/publicdomain/zero/1.0/","Chile",NA,"2015-3-6T20:22:32.000CMT","1923-02-03","J. T. Eastman : Ohio University","ICZN","South America","Patagonotothen","Perciformes","43965",34,NA,"http://biocol.org/urn:lsid:biocol.org:col:34795",NA,NA,NA,NA,NA,"CCS1923-1",NA,"Melinka, Ascunsion Island","http://grbio.org/cool/zdsi-36ka","VertNet",NA,NA,NA,NA,NA,NA,NA,NA,4,NA,NA,NA,NA,NA,NA,NA,NA,NA,NA,NA,NA,NA,"FMNH",NA,"The Field Museum of Natural History",NA,NA,NA,NA,NA,NA,NA,NA,623078,"fishes-05-feb-2018",NA,NA,NA,NA,NA,NA,NA,NA,NA,NA,NA,NA,NA,NA,NA,NA,NA,NA,NA,NA,NA,NA,NA,NA,NA,NA,NA,NA,NA,NA,NA,NA,NA,NA,NA,NA,NA
"Animalia","C. C. Sanborn","Animalia Chordata Actinopterygii Perciformes Nototheniidae",NA,"PreservedSpecimen",2,-73.745244,"Chordata","http://portal.vertnet.org/o/fmnh/fishes?id=5d57d8e3-572a-4b55-9a0a-7ee0dd90be59",1923,34,NA,"cornucola","Field Museum of Natural History. Field Museum of Natural History (Zoology) Fish Collection. Record ID: 5d57d8e3-572a-4b55-9a0a-7ee0dd90be59. Source: http://fmipt.fieldmuseum.org:8080/ipt/resource.do?r=fmnh_fishes (source published on 2017-05-23)","Nototheniidae",NA,"not recorded",NA,"South America, Chile: Melinka, Ascunsion Island","https://www.fieldmuseum.org/field-museum-natural-history-conditions-and-suggested-norms-use-collections-data-and-images",NA,NA,3,NA,"Fishes",NA,NA,NA,"FMNH","Patagonotothen cornucola","Actinopterygii",-43.896964,"5d57d8e3-572a-4b55-9a0a-7ee0dd90be59","en","https://creativecommons.org/publicdomain/zero/1.0/","Chile",NA,"2015-3-7T01:57:17.000CMT","1923-02-03","J. T. Eastman : Ohio University","ICZN","South America","Patagonotothen","Perciformes","43967",34,NA,"http://biocol.org/urn:lsid:biocol.org:col:34795",NA,NA,NA,NA,NA,"CCS1923-1",NA,"Melinka, Ascunsion Island","http://grbio.org/cool/zdsi-36ka","VertNet",NA,NA,NA,NA,NA,NA,NA,NA,10,NA,NA,NA,NA,NA,NA,NA,NA,NA,NA,NA,NA,NA,"FMNH",NA,"The Field Museum of Natural History",NA,NA,NA,NA,NA,NA,NA,NA,623080,"fishes-05-feb-2018",NA,NA,NA,NA,NA,NA,NA,NA,NA,NA,NA,NA,NA,NA,NA,NA,NA,NA,NA,NA,NA,NA,NA,NA,NA,NA,NA,NA,NA,NA,NA,NA,NA,NA,NA,NA,NA
"Animalia","C. C. Sanborn","Animalia Chordata Actinopterygii Perciformes Nototheniidae",NA,"PreservedSpecimen",2,-73.745244,"Chordata","http://portal.vertnet.org/o/fmnh/fishes?id=b2e8f23e-a38b-46d0-8dd1-7779a654b823",1923,34,NA,"cornucola","Field Museum of Natural History. Field Museum of Natural History (Zoology) Fish Collection. Record ID: b2e8f23e-a38b-46d0-8dd1-7779a654b823. Source: http://fmipt.fieldmuseum.org:8080/ipt/resource.do?r=fmnh_fishes (source published on 2017-05-23)","Nototheniidae",NA,"not recorded",NA,"South America, Chile: Melinka, Ascunsion Island","https://www.fieldmuseum.org/field-museum-natural-history-conditions-and-suggested-norms-use-collections-data-and-images",NA,NA,3,NA,"Fishes",NA,NA,NA,"FMNH","Patagonotothen cornucola","Actinopterygii",-43.896964,"b2e8f23e-a38b-46d0-8dd1-7779a654b823","en","https://creativecommons.org/publicdomain/zero/1.0/","Chile",NA,"2015-3-6T20:22:32.000CMT","1923-02-03","J. T. Eastman : Ohio University","ICZN","South America","Patagonotothen","Perciformes","43962",34,NA,"http://biocol.org/urn:lsid:biocol.org:col:34795",NA,NA,NA,NA,NA,"CCS1923-1",NA,"Melinka, Ascunsion Island","http://grbio.org/cool/zdsi-36ka","VertNet",NA,NA,NA,NA,NA,NA,NA,NA,5,NA,NA,NA,NA,NA,NA,NA,NA,NA,NA,NA,NA,NA,"FMNH",NA,"The Field Museum of Natural History",NA,NA,NA,NA,NA,NA,NA,NA,623075,"fishes-05-feb-2018",NA,NA,NA,NA,NA,NA,NA,NA,NA,NA,NA,NA,NA,NA,NA,NA,NA,NA,NA,NA,NA,NA,NA,NA,NA,NA,NA,NA,NA,NA,NA,NA,NA,NA,NA,NA,NA
"Animalia","Duellman, William E",NA,"Los Lagos","PreservedSpecimen",12,-72.462672,"Chordata","http://portal.vertnet.org/o/ku/kui?id=dc93ef2a-1ed3-11e3-bfac-90b11c41863e",1974,362,"Species","sp.","University of Kansas Biodiversity Institute. KUBI Ichthyology Collection. Record ID: dc93ef2a-1ed3-11e3-bfac-90b11c41863e. Source: http://ipt.nhm.ku.edu:8080/ipt/resource.do?r=kubi_ichthyology (source published on 2019-08-05)","Trichomycteridae",NA,"WGS84",NA,"South America, Chile, Los Lagos, Llanquihue","http://biodiversity.ku.edu/research/university-kansas-biodiversity-institute-data-publication-and-use-norms",NA,"1974-12-28",28,NA,"KUI",NA,NA,NA,"KU","Trichomycterus sp.","Actinopterygii",-41.187613,"dc93ef2a-1ed3-11e3-bfac-90b11c41863e","en","http://creativecommons.org/licenses/by/4.0/deed.en_US","Chile",NA,"2012-07-25 12:33:51.0","1974-12-28",NA,NA,"South America","Trichomycterus","Siluriformes","41268",362,NA,"http://grbio.org/cool/iakn-125z",NA,NA,"Freshwater",NA,"EtOH - 1","WED M-1564",NA,"In rocky river, Rio Petrohue, 8 kilometers SW of Petrohue",NA,"VertNet",NA,NA,NA,"Llanquihue",NA,NA,NA,NA,NA,"65mm SL",NA,NA,NA,NA,NA,NA,NA,NA,NA,NA,NA,NA,NA,NA,NA,NA,NA,NA,NA,NA,NA,NA,NA,NA,NA,NA,NA,NA,NA,NA,NA,NA,NA,NA,NA,NA,NA,NA,NA,NA,NA,NA,NA,NA,NA,NA,NA,NA,NA,NA,NA,NA,NA,NA,NA,NA,NA,NA,NA,NA,NA,NA
"Animalia","Hartel, Karsten E",NA,"Magallanes","MaterialSample",10,-70.1330032,"Chordata","http://portal.vertnet.org/o/ku/kuit?id=900de14a-b545-482d-8d67-92983acc93a4",1994,274,"Species","blacodes","University of Kansas Biodiversity Institute. KUBI Ichthyology Tissue Collection. Record ID: 900de14a-b545-482d-8d67-92983acc93a4. Source: http://ipt.nhm.ku.edu:8080/ipt/resource.do?r=kubi_ichthyology_tissue (source published on 2019-08-05)","Ophidiidae",NA,"WGS84",NA,"South America, Chile, Magallanes, Punta Arenas","http://biodiversity.ku.edu/research/university-kansas-biodiversity-institute-data-publication-and-use-norms",NA,"1994-10-01",1,NA,"KUIT",NA,NA,NA,"KU","Genypterus blacodes","Actinopterygii",-53.1669998,"900de14a-b545-482d-8d67-92983acc93a4","en","http://creativecommons.org/licenses/by/4.0/deed.en_US","Chile",NA,"2011-05-11 10:52:13.0","1994-10-01","Hartel, Karsten E",NA,"South America","Genypterus","Ophidiiformes","927",274,NA,"http://grbio.org/cool/iakn-125z",NA,NA,"Marine",NA,"Tissue - 100","KEH94",NA,"Fish market",NA,"VertNet","(Forster, 1801)",NA,NA,"Punta Arenas","http://currents.plos.org/treeoflife/article/the-tree-of-life-and-a-new-classification-of-bony-fishes/",NA,"MCZ 159016",NA,NA,"720mm SL",NA,NA,NA,NA,NA,NA,NA,NA,NA,NA,NA,NA,NA,NA,NA,NA,NA,NA,NA,NA,NA,NA,NA,NA,NA,NA,NA,NA,NA,NA,NA,NA,NA,NA,NA,NA,NA,NA,NA,NA,"https://www.ncbi.nlm.nih.gov/nuccore/KC827358",NA,NA,NA,NA,NA,NA,NA,NA,NA,NA,NA,NA,NA,NA,NA,NA,NA,NA,NA,NA,NA
"Animalia","James H McLean",NA,"Los Lagos","PreservedSpecimen",11,-72.8666667,"Chordata","http://portal.vertnet.org/o/lacm/fish?id=2bf2862f-6c17-416a-bb8d-ec265d66006e",1975,310,"species","cornucola","Natural History Museum of Los Angeles County. LACM Vertebrate Collection. Record ID: 2BF2862F-6C17-416A-BB8D-EC265D66006E. Source: http://ipt.vertnet.org:8080/ipt/resource.do?r=lacm_verts (source published on 2019-10-03)","Nototheniidae","CL","not recorded (forced WGS84)",NA,"South Pacific | Chile | Chiloe | - |  |  |  |","http://vertnet.org/resources/norms.html","South Pacific | Chile | Chiloe | - | Gulf of corcovado, west of Isla Talcon, Pumalin","4-6 Nov 1975",6,NA,"Fish","present",NA,NA,"LACM","Notothenia cornucola","Actinopterygii",-42.7,"2BF2862F-6C17-416A-BB8D-EC265D66006E","en","https://creativecommons.org/publicdomain/zero/1.0","Chile","requires verification","2018-10-08","1975-11-06",NA,"ICZN","South America","Notothenia","Perciformes","38213-3",310,NA,"http://biocol.org/urn:lsid:biocol:org:34802",NA,NA,NA,NA,NA,"75-14",NA,"Gulf of corcovado, west of Isla Talcon, Pumalin","http://biocol.org/urn:lsid:biocol:org:34804","VertNet",NA,NA,"Calculated from original coordinates","Chiloé",NA,NA,NA,NA,1,"{""length"":""59.8"",""water depth"":""Intertidal"" }","South Pacific Ocean",NA,NA,NA,"Intertidal",NA,NA,NA,NA,NA,NA,NA,NA,"Archipiélago de Chiloé",NA,NA,NA,NA,NA,NA,NA,NA,NA,NA,NA,NA,NA,NA,"72°52'0'' W","42°42'0'' S",NA,NA,NA,NA,NA,NA,NA,NA,NA,NA,NA,NA,NA,NA,NA,NA,NA,NA,NA,NA,NA,NA,NA,NA,NA,NA,NA,NA,NA,NA,NA,NA
"Animalia","USNS Eltanin",NA,NA,"PreservedSpecimen",2,-68.2666667,"Chordata","http://portal.vertnet.org/o/lacm/fish?id=6bc49d7d-b94d-4401-a091-c68ff490f253",1963,37,"species","stomias","Natural History Museum of Los Angeles County. LACM Vertebrate Collection. Record ID: 6BC49D7D-B94D-4401-A091-C68FF490F253. Source: http://ipt.vertnet.org:8080/ipt/resource.do?r=lacm_verts (source published on 2019-10-03)","Stomiidae","AR","not recorded (forced WGS84)",NA,"South Atlantic | Argentina | - | - |  |  |  |","http://vertnet.org/resources/norms.html","South Atlantic | Argentina | - | - | Ushuaia Harbor","2/6/1963",6,NA,"Fish","present",NA,NA,"LACM","Stomias stomias","Actinopterygii",-54.8008333,"6BC49D7D-B94D-4401-A091-C68FF490F253","en","https://creativecommons.org/publicdomain/zero/1.0","Argentina","requires verification","2018-10-08","1963-02-06",NA,"ICZN","South America","Stomias","Stomiiformes","11550-1",37,NA,"http://biocol.org/urn:lsid:biocol:org:34802",NA,NA,NA,NA,NA,"Elt. 456",NA,"Ushuaia Harbor","http://biocol.org/urn:lsid:biocol:org:34804","VertNet",NA,NA,"Calculated from original coordinates",NA,NA,NA,NA,NA,1,"{""time collected"":""1300-1400"",""vessel"":""USNS Eltanin"",""water depth"":""78"" }","South Atlantic Ocean","Decapod crustaceans in large schools","1 m plankton net",NA,"78",1,0,NA,NA,NA,NA,NA,NA,NA,NA,NA,NA,NA,NA,NA,NA,NA,NA,NA,NA,NA,NA,NA,"68°16'0'' W","54°48'3'' S",NA,NA,NA,NA,NA,NA,NA,NA,NA,NA,NA,NA,NA,NA,NA,NA,NA,NA,NA,NA,NA,NA,NA,NA,NA,NA,NA,NA,NA,NA,NA,NA
"Animalia","James H McLean",NA,"Los Lagos","PreservedSpecimen",11,-72.8666667,"Chordata","http://portal.vertnet.org/o/lacm/fish?id=cf3f27ba-2243-48c8-8c77-84fc400c5f24",1975,310,"species","racemarius","Natural History Museum of Los Angeles County. LACM Vertebrate Collection. Record ID: CF3F27BA-2243-48C8-8C77-84FC400C5F24. Source: http://ipt.vertnet.org:8080/ipt/resource.do?r=lacm_verts (source published on 2019-10-03)","Labrisomidae","CL","not recorded (forced WGS84)",NA,"South Pacific | Chile | Chiloe | - |  |  |  |","http://vertnet.org/resources/norms.html","South Pacific | Chile | Chiloe | - | Gulf of corcovado, west of Isla Talcon, Pumalin","4-6 Nov 1975",6,NA,"Fish","present",NA,NA,"LACM","Calliclinus racemarius","Actinopterygii",-42.7,"CF3F27BA-2243-48C8-8C77-84FC400C5F24","en","https://creativecommons.org/publicdomain/zero/1.0","Chile","requires verification","2018-10-08","1975-11-06",NA,"ICZN","South America","Calliclinus","Perciformes","38213-1",310,NA,"http://biocol.org/urn:lsid:biocol:org:34802",NA,NA,NA,NA,NA,"75-14",NA,"Gulf of corcovado, west of Isla Talcon, Pumalin","http://biocol.org/urn:lsid:biocol:org:34804","VertNet",NA,NA,"Calculated from original coordinates","Chiloé",NA,NA,NA,NA,3,"{""length"":""40.7-82.5"",""water depth"":""Intertidal"" }","South Pacific Ocean",NA,NA,NA,"Intertidal",NA,NA,NA,NA,NA,NA,NA,NA,"Archipiélago de Chiloé",NA,NA,NA,NA,NA,NA,NA,NA,NA,NA,NA,NA,NA,NA,"72°52'0'' W","42°42'0'' S",NA,NA,NA,NA,NA,NA,NA,NA,NA,NA,NA,NA,NA,NA,NA,NA,NA,NA,NA,NA,NA,NA,NA,NA,NA,NA,NA,NA,NA,NA,NA,NA
"Animalia",NA,NA,NA,"PreservedSpecimen",4,-70.8425,"Chordata","http://portal.vertnet.org/o/lacm/fish?id=e344bc9c-6c33-4719-b602-8712168e75b5",1969,106,"species","puncta","Natural History Museum of Los Angeles County. LACM Vertebrate Collection. Record ID: E344BC9C-6C33-4719-B602-8712168E75B5. Source: http://ipt.vertnet.org:8080/ipt/resource.do?r=lacm_verts (source published on 2019-10-03)","Zoarcidae","CL","not recorded (forced WGS84)",NA,"South Pacific | Chile | - | - |  |  |  |","http://vertnet.org/resources/norms.html","South Pacific | Chile | - | - | Peninsula de Brunswick; at Punta sta. Ana; from high sub-tidal","4/16/1969",16,NA,"Fish","present",NA,NA,"LACM","Maynea puncta","Actinopterygii",-53.5133333,"E344BC9C-6C33-4719-B602-8712168E75B5","en","https://creativecommons.org/publicdomain/zero/1.0","Chile","requires verification","2018-10-08","1969-04-16",NA,"ICZN","South America","Maynea","Perciformes","43723-1",106,NA,"http://biocol.org/urn:lsid:biocol:org:34802",NA,NA,NA,NA,NA,"USARP 69-6A",NA,"Peninsula de Brunswick; at Punta sta. Ana; from high sub-tidal","http://biocol.org/urn:lsid:biocol:org:34804","VertNet",NA,NA,"Calculated from original coordinates",NA,NA,NA,NA,NA,1,"{""length"":""116"",""water depth"":""0.3-0.6"" }","South Pacific Ocean",NA,"poison station",NA,"0.3-0.6",0.6,0.3,NA,NA,NA,NA,NA,NA,NA,NA,NA,NA,NA,NA,NA,NA,NA,NA,NA,NA,NA,NA,NA,"70°50'33'' W","53°30'48'' S",NA,NA,NA,NA,NA,NA,NA,NA,NA,NA,NA,NA,NA,NA,NA,NA,NA,NA,NA,NA,NA,NA,NA,NA,NA,NA,NA,NA,NA,NA,NA,NA
"Animalia","James H McLean",NA,NA,"PreservedSpecimen",11,-70.9333333,"Chordata","http://portal.vertnet.org/o/lacm/fish?id=f35af197-a308-4dd1-b33e-7d997b90f274",1975,323,"species","chilensis","Natural History Museum of Los Angeles County. LACM Vertebrate Collection. Record ID: F35AF197-A308-4DD1-B33E-7D997B90F274. Source: http://ipt.vertnet.org:8080/ipt/resource.do?r=lacm_verts (source published on 2019-10-03)","Zoarcidae","CL","not recorded (forced WGS84)",NA,"Eastern Pacific | Chile | - | - |  |  |  |","http://vertnet.org/resources/norms.html","Eastern Pacific | Chile | - | - | Magellan Strait, Penin.  Brunswick, cove south of Pta. Askew, Puerto el Hambre.","16 & 19 nov 1975",19,NA,"Fish","present",NA,NA,"LACM","Crossostomus chilensis","Actinopterygii",-53.6166667,"F35AF197-A308-4DD1-B33E-7D997B90F274","en","https://creativecommons.org/publicdomain/zero/1.0","Chile","requires verification","2018-10-08","1975-11-19",NA,"ICZN","South America","Crossostomus","Perciformes","38214-1",323,NA,"http://biocol.org/urn:lsid:biocol:org:34802",NA,NA,NA,NA,NA,"75-49",NA,"Magellan Strait, Penin.  Brunswick, cove south of Pta. Askew, Puerto el Hambre.","http://biocol.org/urn:lsid:biocol:org:34804","VertNet",NA,NA,"Calculated from original coordinates",NA,NA,NA,NA,NA,1,"{""length"":""54.0"",""water depth"":""Intertidal"" }","South Pacific Ocean",NA,NA,NA,"Intertidal",NA,NA,NA,NA,NA,NA,NA,NA,NA,NA,NA,NA,NA,NA,NA,NA,NA,NA,NA,NA,NA,NA,NA,"70°56'0'' W","53°37'0'' S",NA,NA,NA,NA,NA,NA,NA,NA,NA,NA,NA,NA,NA,NA,NA,NA,NA,NA,NA,NA,NA,NA,NA,NA,NA,NA,NA,NA,NA,NA,NA,NA
"Animalia",NA,NA,"Magallanes","PreservedSpecimen",1,-67.9985,"Chordata","http://collections.naturalsciences.org/specimenFishes.aspx?ID=50905",2006,9,"specificEpithet","maculatus","North Carolina Museum of Natural Sciences. NCSM Fishes Collection. Record ID: 094DA0DA-D12E-47DD-8623-D47A757260A7. Source: http://ipt.vertnet.org:8080/ipt/resource.do?r=ncsm_fishes (source published on 2017-10-27)","Galaxiidae","CL","WGS84",NA,NA,"No Restrictions","Upstream of beaver impacted area at the same location where CBA collected macro invertebrates.",NA,9,NA,"NCSM-Fishes",NA,NA,NA,"NCSM","Galaxias maculatus","Actinopterygii",-54.9053,"094DA0DA-D12E-47DD-8623-D47A757260A7","EN","http://creativecommons.org/publicdomain/zero/1.0/","Chile",NA,"2017-10-19","2006-01-09",NA,NA,"South America","Galaxias","Osmeriformes","50905",9,NA,"NCSM",NA,NA,NA,NA,NA,"RÍOMEJILLONES-1",NA,"Río Mejillones, [Isla Navarino], [ca. 15.3 air miles WNW center Puerto Williams], [Comuna de Cabo de Hornos]",NA,"VertNet",NA,NA,NA,"Antártica Chilena",NA,NA,NA,NA,3,NA,"Chile (S of Santiago) Minor Coastal (misc. creek tribs)",NA,NA,NA,NA,NA,NA,NA,NA,NA,NA,"In Collections","NCSM",NA,"North Carolina Museum of Natural Sciences",NA,NA,"Inanga",NA,NA,NA,NA,NA,NA,"NCSM-FishesDWC",NA,NA,NA,NA,NA,NA,NA,NA,NA,NA,NA,NA,NA,NA,NA,NA,NA,NA,NA,NA,NA,NA,NA,NA,NA,NA,NA,NA,NA,NA,NA,NA,NA,NA,NA,NA,NA
"Animalia",NA,NA,"Magallanes","PreservedSpecimen",2,-68.5932,"Chordata","http://collections.naturalsciences.org/specimenFishes.aspx?ID=50899",2006,52,"specificEpithet","maculatus","North Carolina Museum of Natural Sciences. NCSM Fishes Collection. Record ID: 12A7BF27-D06E-4DFF-B666-98AEB5C14877. Source: http://ipt.vertnet.org:8080/ipt/resource.do?r=ncsm_fishes (source published on 2017-10-27)","Galaxiidae","CL","WGS84",NA,NA,"No Restrictions","[Estancia refers to a ranch or farm, often boarding travelers.]",NA,21,NA,"NCSM-Fishes",NA,NA,NA,"NCSM","Galaxias maculatus","Actinopterygii",-54.9425,"12A7BF27-D06E-4DFF-B666-98AEB5C14877","EN","http://creativecommons.org/publicdomain/zero/1.0/","Chile",NA,"2017-10-19","2006-02-21",NA,NA,"South America","Galaxias","Osmeriformes","50899",52,NA,"NCSM",NA,NA,NA,NA,NA,"HOSTE-4",NA,"[Large river (name unknown)], near estancia Canasaca, [Península Dumas], [Isla Hoste], [ca. 15.7 air miles SW center Ushuaia, Argentina], [Communa de Cabo de Hornos], [see remarks]",NA,"VertNet",NA,NA,NA,"Antártica Chilena",NA,NA,NA,NA,5,NA,"Chile (S of Santiago) Minor Coastal (misc. creek tribs)",NA,NA,NA,NA,NA,NA,NA,NA,NA,NA,"In Collections","NCSM",NA,"North Carolina Museum of Natural Sciences",NA,NA,"Inanga",NA,NA,NA,NA,NA,NA,"NCSM-FishesDWC",NA,NA,NA,NA,NA,NA,NA,NA,NA,NA,NA,NA,NA,NA,NA,NA,NA,NA,NA,NA,NA,NA,NA,NA,NA,NA,NA,NA,NA,NA,NA,NA,NA,NA,NA,NA,NA
"Animalia",NA,NA,"Magallanes","PreservedSpecimen",2,-67.6012,"Chordata","http://collections.naturalsciences.org/specimenFishes.aspx?ID=50904",2006,33,"specificEpithet","trutta","North Carolina Museum of Natural Sciences. NCSM Fishes Collection. Record ID: 297C262E-2145-45BC-B639-A75F3F6AC783. Source: http://ipt.vertnet.org:8080/ipt/resource.do?r=ncsm_fishes (source published on 2017-10-27)","Salmonidae","CL","WGS84",NA,NA,"No Restrictions",NA,NA,2,NA,"NCSM-Fishes",NA,NA,NA,"NCSM","Salmo trutta","Actinopterygii",-54.9391,"297C262E-2145-45BC-B639-A75F3F6AC783","EN","http://creativecommons.org/publicdomain/zero/1.0/","Chile",NA,"2017-10-19","2006-02-02",NA,NA,"South America","Salmo","Salmoniformes","50904",33,NA,"NCSM",NA,NA,NA,NA,NA,"RÍOUKIKA-1",NA,"Río Ukika, [Isla Navarino], [ca. 0.7 air miles SE center Puerto Williams], [Communa de Cabo de Hornos]",NA,"VertNet",NA,NA,NA,"Antártica Chilena",NA,NA,NA,NA,7,NA,"Chile (S of Santiago) Minor Coastal (misc. creek tribs)",NA,NA,NA,NA,NA,NA,NA,NA,NA,NA,"In Collections","NCSM",NA,"North Carolina Museum of Natural Sciences",NA,NA,"Brown Trout",NA,NA,NA,NA,NA,NA,"NCSM-FishesDWC",NA,NA,NA,NA,NA,NA,NA,NA,NA,NA,NA,NA,NA,NA,NA,NA,NA,NA,NA,NA,NA,NA,NA,NA,NA,NA,NA,NA,NA,NA,NA,NA,NA,NA,NA,NA,NA
"Animalia",NA,NA,"Magallanes","PreservedSpecimen",2,-68.5656,"Chordata","http://collections.naturalsciences.org/specimenFishes.aspx?ID=50900",2006,53,"specificEpithet","maculatus","North Carolina Museum of Natural Sciences. NCSM Fishes Collection. Record ID: 3D31FFF0-AF4F-4941-B2A6-4014D06DF148. Source: http://ipt.vertnet.org:8080/ipt/resource.do?r=ncsm_fishes (source published on 2017-10-27)","Galaxiidae","CL","WGS84",NA,NA,"No Restrictions","[Estancia refers to a ranch or farm, often boarding travelers.]",NA,22,NA,"NCSM-Fishes",NA,NA,NA,"NCSM","Galaxias maculatus","Actinopterygii",-54.9416,"3D31FFF0-AF4F-4941-B2A6-4014D06DF148","EN","http://creativecommons.org/publicdomain/zero/1.0/","Chile",NA,"2017-10-19","2006-02-22",NA,NA,"South America","Galaxias","Osmeriformes","50900",53,NA,"NCSM",NA,NA,NA,NA,NA,"HOSTE-5",NA,"Small stream [name unknown] beside estancia Canasaca, [Península Dumas], [Isla Hoste], [ca. 14.9 air miles SW center Ushuaia, Argentina], [Communa de Cabo de Hornos], [see remarks]",NA,"VertNet",NA,NA,NA,"Antártica Chilena",NA,NA,NA,NA,5,NA,"Chile (S of Santiago) Minor Coastal (misc. creek tribs)",NA,NA,NA,NA,NA,NA,NA,NA,NA,NA,"In Collections","NCSM",NA,"North Carolina Museum of Natural Sciences",NA,NA,"Inanga",NA,NA,NA,NA,NA,NA,"NCSM-FishesDWC",NA,NA,NA,NA,NA,NA,NA,NA,NA,NA,NA,NA,NA,NA,NA,NA,NA,NA,NA,NA,NA,NA,NA,NA,NA,NA,NA,NA,NA,NA,NA,NA,NA,NA,NA,NA,NA
"Animalia",NA,NA,"Magallanes","PreservedSpecimen",2,-67.6234,"Chordata","http://collections.naturalsciences.org/specimenFishes.aspx?ID=50907",2006,55,"specificEpithet","maculatus","North Carolina Museum of Natural Sciences. NCSM Fishes Collection. Record ID: 6225B365-9F73-427D-B9F5-16FAC397C47F. Source: http://ipt.vertnet.org:8080/ipt/resource.do?r=ncsm_fishes (source published on 2017-10-27)","Galaxiidae","CL","WGS84",NA,NA,"No Restrictions","[Club de Yates Micalvi (Micalvi Yacht Club) occupies the top decks of a sunken 850 ton freighter which lies in the Seno Lauro inlet. Locality description inferred from station name and given coordinates.]",NA,24,NA,"NCSM-Fishes",NA,NA,NA,"NCSM","Galaxias maculatus","Actinopterygii",-54.9387,"6225B365-9F73-427D-B9F5-16FAC397C47F","EN","http://creativecommons.org/publicdomain/zero/1.0/","Chile",NA,"2017-10-19","2006-02-24",NA,NA,"South America","Galaxias","Osmeriformes","50907",55,NA,"NCSM",NA,NA,NA,NA,NA,"MICALVI-1",NA,"[Stream (name unknown) entering Seno Lauro inlet], 50 meters upstream of bridge [Y-905/Avenida Costanera Juan Pablo Segundo], [Isla Navarino], [ca. 0.5 air miles SW center Puerto Williams], [Communa de Cabo de Hornos], [see remarks]",NA,"VertNet",NA,NA,NA,"Antártica Chilena",NA,NA,NA,NA,5,NA,"Chile (S of Santiago) Minor Coastal (misc. creek tribs)",NA,NA,NA,NA,NA,NA,NA,NA,NA,NA,"In Collections","NCSM",NA,"North Carolina Museum of Natural Sciences",NA,NA,"Inanga",NA,NA,NA,NA,NA,NA,"NCSM-FishesDWC",NA,NA,NA,NA,NA,NA,NA,NA,NA,NA,NA,NA,NA,NA,NA,NA,NA,NA,NA,NA,NA,NA,NA,NA,NA,NA,NA,NA,NA,NA,NA,NA,NA,NA,NA,NA,NA
"Animalia",NA,NA,"Magallanes","PreservedSpecimen",2,-68.5882,"Chordata","http://collections.naturalsciences.org/specimenFishes.aspx?ID=50894",2006,52,"specificEpithet","maculatus","North Carolina Museum of Natural Sciences. NCSM Fishes Collection. Record ID: 6869AEBF-06CF-4E41-A2DB-52F5AD28066F. Source: http://ipt.vertnet.org:8080/ipt/resource.do?r=ncsm_fishes (source published on 2017-10-27)","Galaxiidae","CL","WGS84",NA,NA,"No Restrictions","[Estancia refers to a ranch or farm, often boarding travelers.]",NA,21,NA,"NCSM-Fishes",NA,NA,NA,"NCSM","Galaxias maculatus","Actinopterygii",-54.9451,"6869AEBF-06CF-4E41-A2DB-52F5AD28066F","EN","http://creativecommons.org/publicdomain/zero/1.0/","Chile",NA,"2017-10-19","2006-02-21",NA,NA,"South America","Galaxias","Osmeriformes","50894",52,NA,"NCSM",NA,NA,NA,NA,NA,"HOSTE-3",NA,"[River (name unknown)], 50 meters upstream of [Canal Beagle], near estancia Canasaca, [Península Dumas], [Isla Hoste], [ca. 15.7 air miles SW center Ushuaia, Argentina], [Communa de Cabo de Hornos], [see remarks]",NA,"VertNet",NA,NA,NA,"Antártica Chilena",NA,NA,NA,NA,11,NA,"Chile (S of Santiago) Minor Coastal (misc. creek tribs)",NA,NA,NA,NA,NA,NA,NA,NA,NA,NA,"In Collections","NCSM",NA,"North Carolina Museum of Natural Sciences",NA,NA,"Inanga",NA,NA,NA,NA,NA,NA,"NCSM-FishesDWC",NA,NA,NA,NA,NA,NA,NA,NA,NA,NA,NA,NA,NA,NA,NA,NA,NA,NA,NA,NA,NA,NA,NA,NA,NA,NA,NA,NA,NA,NA,NA,NA,NA,NA,NA,NA,NA
"Animalia",NA,NA,"Magallanes","PreservedSpecimen",2,-68.1059,"Chordata","http://collections.naturalsciences.org/specimenFishes.aspx?ID=50897",2006,50,"specificEpithet","maculatus","North Carolina Museum of Natural Sciences. NCSM Fishes Collection. Record ID: 84540718-5B65-4607-95C5-954E53A121D8. Source: http://ipt.vertnet.org:8080/ipt/resource.do?r=ncsm_fishes (source published on 2017-10-27)","Galaxiidae","CL","WGS84",NA,NA,"No Restrictions",NA,NA,19,NA,"NCSM-Fishes",NA,NA,NA,"NCSM","Galaxias maculatus","Actinopterygii",-55.1707,"84540718-5B65-4607-95C5-954E53A121D8","EN","http://creativecommons.org/publicdomain/zero/1.0/","Chile",NA,"2017-10-19","2006-02-19",NA,NA,"South America","Galaxias","Osmeriformes","50897",50,NA,"NCSM",NA,NA,NA,NA,NA,"DOUGLAS-2",NA,"Small stream [name unknown], outflowing from beaver lagoon into Caleta Douglas [Douglas Bay], [Isla Navarino], [ca. 25.4 air miles SW center Puerto Williams], [Communa de Cabo de Hornos]",NA,"VertNet",NA,NA,NA,"Antártica Chilena",NA,NA,NA,NA,10,NA,"Chile (S of Santiago) Minor Coastal (misc. creek tribs)",NA,NA,NA,NA,NA,NA,NA,NA,NA,NA,"In Collections","NCSM",NA,"North Carolina Museum of Natural Sciences",NA,NA,"Inanga",NA,NA,NA,NA,NA,NA,"NCSM-FishesDWC",NA,NA,NA,NA,NA,NA,NA,NA,NA,NA,NA,NA,NA,NA,NA,NA,NA,NA,NA,NA,NA,NA,NA,NA,NA,NA,NA,NA,NA,NA,NA,NA,NA,NA,NA,NA,NA
"Animalia",NA,NA,"Magallanes","PreservedSpecimen",2,-67.8484,"Chordata","http://collections.naturalsciences.org/specimenFishes.aspx?ID=50901",2006,44,"specificEpithet","maculatus","North Carolina Museum of Natural Sciences. NCSM Fishes Collection. Record ID: 857286B1-F621-4B9B-A31D-992B387F68D8. Source: http://ipt.vertnet.org:8080/ipt/resource.do?r=ncsm_fishes (source published on 2017-10-27)","Galaxiidae","CL","WGS84",NA,NA,"No Restrictions",NA,NA,13,NA,"NCSM-Fishes",NA,NA,NA,"NCSM","Galaxias maculatus","Actinopterygii",-54.9128,"857286B1-F621-4B9B-A31D-992B387F68D8","EN","http://creativecommons.org/publicdomain/zero/1.0/","Chile",NA,"2017-10-19","2006-02-13",NA,NA,"South America","Galaxias","Osmeriformes","50901",44,NA,"NCSM",NA,NA,NA,NA,NA,"GUERRICO-1",NA,"[Río] Guerrico, 50 meters upstream bridge [Y-905], [Isla Navarino], [ca. 9.3 air miles ENE center Puerto Williams], [Communa de Cabo de Hornos]",NA,"VertNet",NA,NA,NA,"Antártica Chilena",NA,NA,NA,NA,1,NA,"Chile (S of Santiago) Minor Coastal (misc. creek tribs)",NA,NA,NA,NA,NA,NA,NA,NA,NA,NA,"In Collections","NCSM",NA,"North Carolina Museum of Natural Sciences",NA,NA,"Inanga",NA,NA,NA,NA,NA,NA,"NCSM-FishesDWC",NA,NA,NA,NA,NA,NA,NA,NA,NA,NA,NA,NA,NA,NA,NA,NA,NA,NA,NA,NA,NA,NA,NA,NA,NA,NA,NA,NA,NA,NA,NA,NA,NA,NA,NA,NA,NA
"Animalia",NA,NA,"Magallanes","PreservedSpecimen",2,-67.6576,"Chordata","http://collections.naturalsciences.org/specimenFishes.aspx?ID=50895",2006,41,"specificEpithet","trutta","North Carolina Museum of Natural Sciences. NCSM Fishes Collection. Record ID: 95182BB7-D902-451D-89A8-284AC437AA63. Source: http://ipt.vertnet.org:8080/ipt/resource.do?r=ncsm_fishes (source published on 2017-10-27)","Salmonidae","CL","WGS84",NA,NA,"No Restrictions",NA,NA,10,NA,"NCSM-Fishes",NA,NA,NA,"NCSM","Salmo trutta","Actinopterygii",-54.9417,"95182BB7-D902-451D-89A8-284AC437AA63","EN","http://creativecommons.org/publicdomain/zero/1.0/","Chile",NA,"2017-10-19","2006-02-10",NA,NA,"South America","Salmo","Salmoniformes","50895",41,NA,"NCSM",NA,NA,NA,NA,NA,"ROBALO-1",NA,"[Río] Robalo, 50 meters upstream of bridge [Y-905], [Isla Navarino], [ca. 1.7 air miles WSW center Puerto Williams], [Communa de Cabo de Hornos]",NA,"VertNet",NA,NA,NA,"Antártica Chilena",NA,NA,NA,NA,8,NA,"Chile (S of Santiago) Minor Coastal (misc. creek tribs)",NA,NA,NA,NA,NA,NA,NA,NA,NA,NA,"In Collections","NCSM",NA,"North Carolina Museum of Natural Sciences",NA,NA,"Brown Trout",NA,NA,NA,NA,NA,NA,"NCSM-FishesDWC",NA,NA,NA,NA,NA,NA,NA,NA,NA,NA,NA,NA,NA,NA,NA,NA,NA,NA,NA,NA,NA,NA,NA,NA,NA,NA,NA,NA,NA,NA,NA,NA,NA,NA,NA,NA,NA
"Animalia","Mahan","Congiopodidae | Congiopodus",NA,"PreservedSpecimen",11,-73.1083333,"Chordata","http://portal.vertnet.org/o/sio/marine-vertebrates?id=599ed75d-0f2d-4c07-a442-3ef6940ef4ce",1972,323,"species","peruvianus","Scripps Institution of Oceanography. SIO Marine Vertebrate Collection. Record ID: 599ed75d-0f2d-4c07-a442-3ef6940ef4ce. Source: http://ipt.vertnet.org:8080/ipt/resource.do?r=sio_marine_vertebrates (source published on 2018-07-18)","Congiopodidae","CL","not recorded (forced WGS84)",NA,"| Chile |  |  |  | So Pacific Ocean |  |","http://vertnet.org/resources/norms.html","Chile | So Pacific Ocean","18Nov1972",18,NA,"Marine Vertebrates","present",NA,NA,"SIO","Congiopodus peruvianus","Actinopterygii",-43.9133333,"599ed75d-0f2d-4c07-a442-3ef6940ef4ce","en","https://creativecommons.org/publicdomain/zero/1.0/","Chile","requires verification","2018-01-23","1972-11-18",NA,"ICZN","South America","Congiopodus","Scorpaeniformes","74-117",323,NA,"http://biocol.org/urn:lsid:biocol.org:col:14844",NA,NA,NA,NA,NA,NA,NA,NA,NA,"VertNet",NA,NA,NA,NA,NA,NA,NA,NA,1,"{""maximumLengthInMM"":""64.0"",""minimumLengthInMM"":""0.0"",""water depth"":""40 ft"",""vessel"":""RV Hero"" }","South Pacific Ocean",NA,NA,NA,NA,NA,NA,NA,NA,NA,NA,NA,NA,NA,NA,NA,NA,NA,NA,NA,NA,NA,NA,NA,NA,NA,NA,NA,"073°06.5'W","43°54.8'S","599ed75d-0f2d-4c07-a442-3ef6940ef4ce",NA,NA,NA,NA,NA,NA,NA,NA,NA,NA,NA,NA,NA,NA,NA,NA,NA,NA,NA,NA,NA,NA,NA,NA,NA,NA,NA,NA,NA,NA,NA
"Animalia","P Dayton","Nototheniidae | Notothenia",NA,"PreservedSpecimen",5,-65.4666667,"Chordata","http://portal.vertnet.org/o/sio/marine-vertebrates?id=a570797d-0e2f-4b08-8469-e4ee08661b53",1973,140,"species","magellanica","Scripps Institution of Oceanography. SIO Marine Vertebrate Collection. Record ID: a570797d-0e2f-4b08-8469-e4ee08661b53. Source: http://ipt.vertnet.org:8080/ipt/resource.do?r=sio_marine_vertebrates (source published on 2018-07-18)","Nototheniidae","AR","not recorded (forced WGS84)",NA,"| Argentina |  |  |  | SW Atlantic Ocean |  |","http://vertnet.org/resources/norms.html","Argentina | SW Atlantic Ocean | Knocker Island","20May1973",20,NA,"Marine Vertebrates","present",NA,NA,"SIO","Notothenia magellanica","Actinopterygii",-54.9,"a570797d-0e2f-4b08-8469-e4ee08661b53","en","https://creativecommons.org/publicdomain/zero/1.0/","Argentina","requires verification","2018-01-23","1973-05-20",NA,"ICZN","South America","Notothenia","Perciformes","74-111",140,NA,"http://biocol.org/urn:lsid:biocol.org:col:14844",NA,NA,NA,NA,NA,NA,NA,"Knocker Island",NA,"VertNet",NA,NA,NA,NA,NA,NA,NA,NA,1,"{""maximumLengthInMM"":""84.5"",""minimumLengthInMM"":""0.0"" }","Western South Atlantic Ocean",NA,NA,NA,NA,NA,NA,NA,NA,NA,NA,NA,NA,NA,NA,NA,NA,NA,NA,NA,NA,NA,NA,NA,NA,NA,NA,NA,"065°28.0'W","54°54.0'S","a570797d-0e2f-4b08-8469-e4ee08661b53",NA,NA,NA,NA,NA,NA,NA,NA,NA,NA,NA,NA,NA,NA,NA,NA,NA,NA,NA,NA,NA,NA,NA,NA,NA,NA,NA,NA,NA,NA,NA
"Animalia","P Dayton","Nototheniidae | Notothenia",NA,"PreservedSpecimen",5,-65.4666667,"Chordata","http://portal.vertnet.org/o/sio/marine-vertebrates?id=c6020d4c-a749-48d8-b5c8-3a3359cfeb00",1973,141,"species","squamiceps","Scripps Institution of Oceanography. SIO Marine Vertebrate Collection. Record ID: c6020d4c-a749-48d8-b5c8-3a3359cfeb00. Source: http://ipt.vertnet.org:8080/ipt/resource.do?r=sio_marine_vertebrates (source published on 2018-07-18)","Nototheniidae","AR","not recorded (forced WGS84)",NA,"| Argentina |  |  |  | SW Atlantic Ocean |  |","http://vertnet.org/resources/norms.html","Argentina | SW Atlantic Ocean | Bahia Tom","21May1973",21,NA,"Marine Vertebrates","present",NA,NA,"SIO","Notothenia squamiceps","Actinopterygii",-54.9,"c6020d4c-a749-48d8-b5c8-3a3359cfeb00","en","https://creativecommons.org/publicdomain/zero/1.0/","Argentina","requires verification","2018-01-23","1973-05-21",NA,"ICZN","South America","Notothenia","Perciformes","74-112",141,NA,"http://biocol.org/urn:lsid:biocol.org:col:14844",NA,NA,NA,NA,NA,NA,NA,"Bahia Tom",NA,"VertNet",NA,NA,NA,NA,NA,NA,NA,NA,1,"{""maximumLengthInMM"":""52.5"",""minimumLengthInMM"":""0.0"" }","Western South Atlantic Ocean",NA,NA,NA,NA,NA,NA,NA,NA,NA,NA,NA,NA,NA,NA,NA,NA,NA,NA,NA,NA,NA,NA,NA,NA,NA,NA,NA,"065°28.0'W","54°54.0'S","c6020d4c-a749-48d8-b5c8-3a3359cfeb00",NA,NA,NA,NA,NA,NA,NA,NA,NA,NA,NA,NA,NA,NA,NA,NA,NA,NA,NA,NA,NA,NA,NA,NA,NA,NA,NA,NA,NA,NA,NA
"Animalia","P Dayton","Agonidae | Agonopsis",NA,"PreservedSpecimen",5,-65.4666667,"Chordata","http://portal.vertnet.org/o/sio/marine-vertebrates?id=f9a63769-b7e1-46e0-86cd-c4d6bdee196a",1973,144,"species","chiloensis","Scripps Institution of Oceanography. SIO Marine Vertebrate Collection. Record ID: f9a63769-b7e1-46e0-86cd-c4d6bdee196a. Source: http://ipt.vertnet.org:8080/ipt/resource.do?r=sio_marine_vertebrates (source published on 2018-07-18)","Agonidae","AR","not recorded (forced WGS84)",NA,"| Argentina |  |  |  | SW Atlantic Ocean |  |","http://vertnet.org/resources/norms.html","Argentina | SW Atlantic Ocean | Darwin Canal","24May1973",24,NA,"Marine Vertebrates","present",NA,NA,"SIO","Agonopsis chiloensis","Actinopterygii",-54.9,"f9a63769-b7e1-46e0-86cd-c4d6bdee196a","en","https://creativecommons.org/publicdomain/zero/1.0/","Argentina","requires verification","2018-01-23","1973-05-24",NA,"ICZN","South America","Agonopsis","Scorpaeniformes","74-113",144,NA,"http://biocol.org/urn:lsid:biocol.org:col:14844",NA,NA,NA,NA,NA,NA,NA,"Darwin Canal",NA,"VertNet",NA,NA,NA,NA,NA,NA,NA,NA,1,"{""maximumLengthInMM"":""59.0"",""minimumLengthInMM"":""0.0"" }","Western South Atlantic Ocean",NA,NA,NA,NA,NA,NA,NA,NA,NA,NA,NA,NA,NA,NA,NA,NA,NA,NA,NA,NA,NA,NA,NA,NA,NA,NA,NA,"065°28.0'W","54°54.0'S","f9a63769-b7e1-46e0-86cd-c4d6bdee196a",NA,NA,NA,NA,NA,NA,NA,NA,NA,NA,NA,NA,NA,NA,NA,NA,NA,NA,NA,NA,NA,NA,NA,NA,NA,NA,NA,NA,NA,NA,NA
"Animalia","JR Jehl","Nototheniidae | Notothenia",NA,"PreservedSpecimen",5,-74.6333333,"Chordata","http://portal.vertnet.org/o/sio/marine-vertebrates?id=fb0ba3b4-2a31-40ea-b650-cb0130e4324a",1970,149,"species","tessellata","Scripps Institution of Oceanography. SIO Marine Vertebrate Collection. Record ID: fb0ba3b4-2a31-40ea-b650-cb0130e4324a. Source: http://ipt.vertnet.org:8080/ipt/resource.do?r=sio_marine_vertebrates (source published on 2018-07-18)","Nototheniidae","CL","not recorded (forced WGS84)",NA,"| Chile |  |  |  | So Pacific Ocean |  |","http://vertnet.org/resources/norms.html","Chile | So Pacific Ocean | Punta Millabu, fjord at stream mouth","29May1970",29,NA,"Marine Vertebrates","present",NA,NA,"SIO","Notothenia tessellata","Actinopterygii",-45.7,"fb0ba3b4-2a31-40ea-b650-cb0130e4324a","en","https://creativecommons.org/publicdomain/zero/1.0/","Chile","requires verification","2018-01-23","1970-05-29",NA,"ICZN","South America","Notothenia","Perciformes","70-291",149,NA,"http://biocol.org/urn:lsid:biocol.org:col:14844",NA,NA,NA,NA,NA,NA,NA,"Punta Millabu, fjord at stream mouth",NA,"VertNet",NA,NA,NA,NA,NA,NA,NA,NA,1,"{""maximumLengthInMM"":""145.0"",""minimumLengthInMM"":""0.0"",""salinity"":""brackish"" }","South Pacific Ocean",NA,NA,NA,NA,NA,NA,NA,NA,NA,NA,NA,NA,NA,NA,NA,NA,NA,NA,NA,NA,NA,NA,NA,NA,NA,NA,NA,"074°38.0'W","45°42.0'S","fb0ba3b4-2a31-40ea-b650-cb0130e4324a",NA,NA,NA,NA,NA,NA,NA,NA,NA,NA,NA,NA,NA,NA,NA,NA,NA,NA,NA,NA,NA,NA,NA,NA,NA,NA,NA,NA,NA,NA,NA
NA,"Cekulovic, J",NA,"Magallanes","PreservedSpecimen",3,-70.9665,NA,"http://portal.vertnet.org/o/uf/fish?id=c691040c-e2ae-408a-a919-baabed16dc25",1956,84,NA,"cornucola","Florida Museum of Natural History. UF FLMNH Ichthyology. Record ID: C691040C-E2AE-408A-A919-BAABED16DC25. Source: http://ipt.flmnh.ufl.edu:8080/ipt/resource.do?r=ichthyology (source published on 2018-09-17)","Nototheniidae",NA,"not recorded",NA,"Magallanes, Chile, Pacific Ocean",NA,NA,"1956-03-24",24,NA,"Fish",NA,NA,NA,"UF","Notothenia cornucola","Actinopterygii",-53.365857,"C691040C-E2AE-408A-A919-BAABED16DC25",NA,"CC-BY-NC","Chile",NA,"2003-02-03 10:44:34.0","1956-03-24",NA,NA,"Pacific Ocean","Notothenia","Perciformes","206219",84,NA,NA,"FishNet",NA,NA,NA,"IsOH - 1","ZJC206218",NA,"Punta Santa Maria, Peninsula de Brunswick, 23 km S of Ciudad Punta Arenas",NA,"VertNet",NA,NA,NA,NA,NA,NA,"UMML 6219",NA,NA,NA,NA,NA,NA,NA,NA,NA,NA,NA,NA,NA,NA,NA,NA,NA,NA,NA,NA,NA,NA,NA,NA,NA,NA,NA,NA,NA,NA,NA,NA,NA,NA,NA,NA,NA,NA,NA,NA,NA,NA,NA,NA,NA,NA,NA,NA,NA,NA,NA,NA,NA,NA,NA,NA,NA,NA,NA,NA,NA,NA,NA,NA,NA
"Animalia","M. Lobell","Animalia, Chordata, Vertebrata, Osteichthyes, Actinopterygii, Neopterygii, Acanthopterygii, Perciformes, Percoidei, Bovichtidae",NA,"PreservedSpecimen",1,-73.1,"Chordata","http://portal.vertnet.org/o/usnm/fishes?id=http-n2t-net-ark-65665-3062165d7-f29a-4954-88e3-e128f1ff988e",1945,NA,NA,"gobio","National Museum of Natural History, Smithsonian Institution. NMNH Fishes. Record ID: http://n2t.net/ark:/65665/3062165d7-f29a-4954-88e3-e128f1ff988e. Source: http://collections.nmnh.si.edu/ipt/resource?r=nmnh_extant_dwc-a (source published on 2016-07-21)","Bovichtidae",NA,"not recorded",NA,"Pacific, Chile",NA,NA,"1945 Jan 20 - 0000 00 00",20,NA,"Fishes",NA,NA,NA,"USNM","Cottoperca gobio","Actinopterygii",-41.9,"http://n2t.net/ark:/65665/3062165d7-f29a-4954-88e3-e128f1ff988e",NA,"CC0","Chile",NA,NA,NA,NA,NA,NA,"Cottoperca","Perciformes","176596",NA,NA,NA,NA,NA,NA,NA,NA,"U-42-347",NA,"Chile: Bahia Lin.",NA,"VertNet",NA,NA,NA,NA,NA,NA,NA,NA,1,NA,"Pacific",NA,NA,NA,NA,NA,NA,NA,"Degrees Minutes Seconds",NA,NA,NA,NA,NA,NA,NA,NA,NA,NA,NA,NA,NA,NA,NA,NA,NA,NA,NA,"07306 W","4154 S",NA,NA,NA,NA,NA,NA,NA,NA,NA,NA,NA,NA,NA,NA,NA,NA,NA,NA,NA,NA,NA,NA,NA,NA,NA,NA,NA,NA,NA,NA,NA,NA
"Animalia","Fisherman","Animalia, Chordata, Vertebrata, Osteichthyes, Actinopterygii, Neopterygii, Acanthopterygii, Perciformes, Notothenioidei, Nototheniidae",NA,"PreservedSpecimen",1,-72.83,"Chordata","http://portal.vertnet.org/o/usnm/fishes?id=http-n2t-net-ark-65665-30950ccce-913b-4251-b197-cc3aec440e48",1945,NA,NA,"maclovinus","National Museum of Natural History, Smithsonian Institution. NMNH Fishes. Record ID: http://n2t.net/ark:/65665/30950ccce-913b-4251-b197-cc3aec440e48. Source: http://collections.nmnh.si.edu/ipt/resource?r=nmnh_extant_dwc-a (source published on 2016-07-21)","Nototheniidae",NA,"not recorded",NA,"Pacific, Chile",NA,NA,"1945 Jan 22 - 0000 00 00",22,NA,"Fishes",NA,NA,NA,"USNM","Eleginops maclovinus","Actinopterygii",-43.025,"http://n2t.net/ark:/65665/30950ccce-913b-4251-b197-cc3aec440e48",NA,"CC0","Chile",NA,NA,NA,NA,NA,NA,"Eleginops","Perciformes","176388",NA,NA,NA,NA,NA,NA,NA,NA,"U-42-364",NA,"Chile, Puerto Auchemo",NA,"VertNet",NA,NA,NA,NA,NA,NA,NA,NA,5,NA,"Pacific",NA,NA,NA,NA,NA,NA,NA,"Degrees Minutes Seconds",NA,NA,NA,NA,NA,NA,NA,NA,NA,NA,NA,NA,NA,NA,NA,NA,NA,NA,NA,"07250 W","430130S",NA,NA,NA,NA,NA,NA,NA,NA,NA,NA,NA,NA,NA,NA,NA,NA,NA,NA,NA,NA,NA,NA,NA,NA,NA,NA,NA,NA,NA,NA,NA,NA
"Animalia",NA,"Animalia, Chordata, Vertebrata, Osteichthyes, Actinopterygii, Neopterygii, Acanthopterygii, Gobiesociformes, Gobiesocidae, Gobiesocidae, Gobiesocinae",NA,"PreservedSpecimen",10,-72.82,"Chordata","http://portal.vertnet.org/o/usnm/fishes?id=http-n2t-net-ark-65665-30b515c5f-ad01-43a4-8dfe-a856a66fd6e1",1967,NA,NA,"marmoratus","National Museum of Natural History, Smithsonian Institution. NMNH Fishes. Record ID: http://n2t.net/ark:/65665/30b515c5f-ad01-43a4-8dfe-a856a66fd6e1. Source: http://collections.nmnh.si.edu/ipt/resource?r=nmnh_extant_dwc-a (source published on 2016-07-21)","Gobiesocidae",NA,"not recorded",NA,"Pacific, Chile",NA,NA,"1967 Oct 02 - 0000 00 00",2,NA,"Fishes",NA,NA,NA,"USNM","Gobiesox marmoratus","Actinopterygii",-42.7,"http://n2t.net/ark:/65665/30b515c5f-ad01-43a4-8dfe-a856a66fd6e1",NA,"CC0","Chile",NA,NA,NA,NA,NA,NA,"Gobiesox","Gobiesociformes","360156",NA,NA,NA,NA,NA,NA,NA,NA,"MM 6-B",NA,NA,NA,"VertNet",NA,NA,NA,NA,NA,NA,NA,NA,1,NA,"Pacific","Id'd by j.c. briggs.",NA,NA,NA,NA,NA,NA,"Degrees Minutes Seconds",NA,NA,NA,NA,NA,NA,NA,NA,NA,NA,NA,NA,NA,"MM 6-B",NA,NA,NA,NA,NA,"07249 W","4242 S",NA,NA,NA,NA,NA,NA,NA,NA,NA,NA,NA,NA,NA,NA,NA,NA,NA,NA,NA,NA,NA,NA,NA,NA,NA,NA,NA,NA,NA,NA,NA,NA
"Animalia","M. Lobell","Animalia, Chordata, Vertebrata, Osteichthyes, Actinopterygii, Neopterygii, Acanthopterygii, Syngnathiformes, Syngnathoidei, Syngnathidae, Syngnathinae",NA,"PreservedSpecimen",1,-73.1,"Chordata","http://portal.vertnet.org/o/usnm/fishes?id=http-n2t-net-ark-65665-31094eea0-bdbc-49c2-9ac8-0ed3722d58aa",1945,NA,NA,"blainvilleanus","National Museum of Natural History, Smithsonian Institution. NMNH Fishes. Record ID: http://n2t.net/ark:/65665/31094eea0-bdbc-49c2-9ac8-0ed3722d58aa. Source: http://collections.nmnh.si.edu/ipt/resource?r=nmnh_extant_dwc-a (source published on 2016-07-21)","Syngnathidae",NA,"not recorded",NA,"Pacific, Chile",NA,NA,"1945 Jan 20 - 0000 00 00",20,NA,"Fishes",NA,NA,NA,"USNM","Leptonotus blainvilleanus","Actinopterygii",-41.9,"http://n2t.net/ark:/65665/31094eea0-bdbc-49c2-9ac8-0ed3722d58aa",NA,"CC0","Chile",NA,NA,NA,NA,NA,NA,"Leptonotus","Syngnathiformes","176564",NA,NA,NA,NA,NA,NA,NA,"Glycerin with Bone Stain","U-42-347",NA,"Chile: Bahia Lin.",NA,"VertNet",NA,NA,NA,NA,NA,NA,NA,NA,12,NA,"Pacific",NA,NA,NA,NA,NA,NA,NA,"Degrees Minutes Seconds",NA,NA,NA,NA,NA,NA,NA,NA,NA,NA,NA,NA,NA,NA,NA,NA,NA,NA,NA,"07306 W","4154 S",NA,NA,NA,NA,NA,NA,NA,NA,NA,NA,NA,NA,NA,NA,NA,NA,NA,NA,NA,NA,NA,NA,NA,NA,NA,NA,NA,NA,NA,NA,NA,NA
"Animalia","M. Lobell","Animalia, Chordata, Vertebrata, Osteichthyes, Actinopterygii, Neopterygii, Acanthopterygii, Perciformes, Notothenioidei, Nototheniidae",NA,"PreservedSpecimen",1,-72.83,"Chordata","http://portal.vertnet.org/o/usnm/fishes?id=http-n2t-net-ark-65665-3216909cf-90dd-4f97-adb1-b4dc5edc0e51",1945,NA,NA,"longipes","National Museum of Natural History, Smithsonian Institution. NMNH Fishes. Record ID: http://n2t.net/ark:/65665/3216909cf-90dd-4f97-adb1-b4dc5edc0e51. Source: http://collections.nmnh.si.edu/ipt/resource?r=nmnh_extant_dwc-a (source published on 2016-07-21)","Nototheniidae",NA,"not recorded",NA,"Pacific, Chile",NA,NA,"1945 Jan 23 - 0000 00 00",23,NA,"Fishes",NA,NA,NA,"USNM","Patagonotothen longipes","Actinopterygii",-43.025,"http://n2t.net/ark:/65665/3216909cf-90dd-4f97-adb1-b4dc5edc0e51",NA,"CC0","Chile",NA,NA,NA,NA,NA,NA,"Patagonotothen","Perciformes","114932",NA,NA,NA,NA,NA,NA,NA,NA,"U-42-369",NA,"Chile, Puerto Auchemo",NA,"VertNet",NA,NA,NA,NA,NA,NA,NA,NA,1,NA,"Pacific","Trammel net",NA,NA,NA,NA,NA,NA,"Degrees Minutes Seconds",NA,NA,NA,NA,NA,NA,NA,NA,NA,NA,NA,NA,NA,NA,NA,NA,NA,NA,NA,"07250 W","430130S",NA,NA,NA,NA,NA,NA,NA,NA,NA,NA,NA,NA,NA,NA,NA,NA,NA,NA,NA,NA,NA,NA,NA,NA,NA,NA,NA,NA,NA,NA,NA,NA
"Animalia","D. Pawson","Animalia, Chordata, Vertebrata, Osteichthyes, Actinopterygii, Neopterygii, Acanthopterygii, Perciformes, Notothenioidei, Harpagiferidae",NA,"PreservedSpecimen",10,-74.22,"Chordata","http://portal.vertnet.org/o/usnm/fishes?id=http-n2t-net-ark-65665-326cf2194-1cfd-4834-9d75-1cc4894f407e",1969,NA,NA,"bispinis","National Museum of Natural History, Smithsonian Institution. NMNH Fishes. Record ID: http://n2t.net/ark:/65665/326cf2194-1cfd-4834-9d75-1cc4894f407e. Source: http://collections.nmnh.si.edu/ipt/resource?r=nmnh_extant_dwc-a (source published on 2016-07-21)","Harpagiferidae",NA,"not recorded",NA,"Pacific, Chile",NA,NA,"1969 Oct 23 - 0000 00 00",23,NA,"Fishes",NA,NA,NA,"USNM","Harpagifer bispinis","Actinopterygii",-51,"http://n2t.net/ark:/65665/326cf2194-1cfd-4834-9d75-1cc4894f407e",NA,"CC0","Chile",NA,NA,NA,NA,NA,NA,"Harpagifer","Perciformes","296587",NA,NA,NA,NA,NA,NA,NA,NA,"69-5",NA,"Entrance To Puerto Bueno",NA,"VertNet",NA,NA,NA,NA,NA,NA,NA,NA,1,NA,"Pacific",NA,NA,NA,NA,NA,NA,NA,"Degrees Minutes Seconds",NA,NA,NA,NA,NA,NA,NA,NA,NA,NA,NA,NA,NA,"59",NA,NA,NA,NA,NA,"07413 W","51 S",NA,NA,NA,NA,NA,NA,NA,NA,NA,NA,NA,NA,NA,NA,NA,NA,NA,NA,NA,NA,NA,NA,NA,NA,NA,NA,NA,NA,NA,NA,NA,NA
"Animalia","M. Morrell","Animalia, Chordata, Vertebrata, Osteichthyes, Actinopterygii, Neopterygii, Acanthopterygii, Pleuronectiformes, Pleuronectoidei, Paralichthyidae",NA,"PreservedSpecimen",9,-73.07,"Chordata","http://portal.vertnet.org/o/usnm/fishes?id=http-n2t-net-ark-65665-329cc61c9-3d8c-4f3a-aed7-2b348e8c1a86",1967,NA,NA,"bollmani","National Museum of Natural History, Smithsonian Institution. NMNH Fishes. Record ID: http://n2t.net/ark:/65665/329cc61c9-3d8c-4f3a-aed7-2b348e8c1a86. Source: http://collections.nmnh.si.edu/ipt/resource?r=nmnh_extant_dwc-a (source published on 2016-07-21)","Paralichthyidae",NA,"not recorded",NA,"Pacific, Chile",NA,NA,"1967 Sep 16 - 0000 00 00",16,NA,"Fishes",NA,NA,NA,"USNM","Hippoglossina bollmani","Actinopterygii",-41.6,"http://n2t.net/ark:/65665/329cc61c9-3d8c-4f3a-aed7-2b348e8c1a86",NA,"CC0","Chile",NA,NA,NA,NA,NA,NA,"Hippoglossina","Pleuronectiformes","362276",NA,NA,NA,NA,NA,NA,NA,NA,NA,NA,"Near Puerto Montt Chile",NA,"VertNet",NA,NA,NA,NA,NA,NA,NA,NA,2,NA,"Pacific","Ident. by k. amaoka.",NA,NA,NA,135,90,NA,"Degrees Minutes Seconds",NA,NA,NA,NA,NA,NA,NA,NA,NA,NA,NA,NA,NA,NA,NA,NA,NA,NA,NA,"07304 W","4136 S",NA,NA,NA,NA,NA,NA,NA,NA,NA,NA,NA,NA,NA,NA,NA,NA,NA,NA,NA,NA,NA,NA,NA,NA,NA,NA,NA,NA,NA,NA,NA,NA
"Animalia","M. Lobell","Animalia, Chordata, Vertebrata, Osteichthyes, Actinopterygii, Neopterygii, Acanthopterygii, Perciformes, Blennioidei, Clinidae",NA,"PreservedSpecimen",1,-72.83,"Chordata","http://portal.vertnet.org/o/usnm/fishes?id=http-n2t-net-ark-65665-332815eff-9c2c-433a-97c3-27da2c4ba4a3",1945,NA,NA,"cristatus","National Museum of Natural History, Smithsonian Institution. NMNH Fishes. Record ID: http://n2t.net/ark:/65665/332815eff-9c2c-433a-97c3-27da2c4ba4a3. Source: http://collections.nmnh.si.edu/ipt/resource?r=nmnh_extant_dwc-a (source published on 2016-07-21)","Clinidae",NA,"not recorded",NA,"Pacific, Chile",NA,NA,"1945 Jan 23 - 0000 00 00",23,NA,"Fishes",NA,NA,NA,"USNM","Myxodes cristatus","Actinopterygii",-43.025,"http://n2t.net/ark:/65665/332815eff-9c2c-433a-97c3-27da2c4ba4a3",NA,"CC0","Chile",NA,NA,NA,NA,NA,NA,"Myxodes","Perciformes","176543",NA,NA,NA,NA,NA,NA,NA,NA,"U-42-370",NA,"Chile**Puerto Auchemo, Near Islacarmenrock Pool With Derris",NA,"VertNet",NA,NA,NA,NA,NA,NA,NA,NA,1,NA,"Pacific",NA,NA,NA,NA,NA,NA,NA,"Degrees Minutes Seconds",NA,NA,NA,NA,NA,NA,NA,NA,NA,NA,NA,NA,NA,NA,NA,NA,NA,NA,NA,"07250 W","430130S",NA,NA,NA,NA,NA,NA,NA,NA,NA,NA,NA,NA,NA,NA,NA,NA,NA,NA,NA,NA,NA,NA,NA,NA,NA,NA,NA,NA,NA,NA,NA,NA
"Animalia","M. Lobell & Derris","Animalia, Chordata, Vertebrata, Osteichthyes, Actinopterygii, Neopterygii, Acanthopterygii, Perciformes, Blennioidei, Tripterygiidae",NA,"PreservedSpecimen",1,-73,"Chordata","http://portal.vertnet.org/o/usnm/fishes?id=http-n2t-net-ark-65665-336022ab9-83cd-47e0-9c90-6c478ae4db8c",1945,NA,NA,"cunninghami","National Museum of Natural History, Smithsonian Institution. NMNH Fishes. Record ID: http://n2t.net/ark:/65665/336022ab9-83cd-47e0-9c90-6c478ae4db8c. Source: http://collections.nmnh.si.edu/ipt/resource?r=nmnh_extant_dwc-a (source published on 2016-07-21)","Tripterygiidae",NA,"not recorded",NA,"Pacific, Chile",NA,NA,"1945 Jan 24 - 0000 00 00",24,NA,"Fishes",NA,NA,NA,"USNM","Helcogrammoides cunninghami","Actinopterygii",-43.62,"http://n2t.net/ark:/65665/336022ab9-83cd-47e0-9c90-6c478ae4db8c",NA,"CC0","Chile",NA,NA,NA,NA,NA,NA,"Helcogrammoides","Perciformes","176503",NA,NA,NA,NA,NA,NA,NA,NA,"U 42 378",NA,"Chile: Tictoc Bay",NA,"VertNet",NA,NA,NA,NA,NA,NA,NA,NA,5,NA,"Pacific","Id'd by r. rosenblatt 14 nov 1961.",NA,NA,NA,NA,NA,NA,"Degrees Minutes Seconds",NA,NA,NA,NA,NA,NA,NA,NA,NA,NA,NA,NA,NA,NA,NA,NA,NA,NA,NA,"07300 W","4337 S",NA,NA,NA,NA,NA,NA,NA,NA,NA,NA,NA,NA,NA,NA,NA,NA,NA,NA,NA,NA,NA,NA,NA,NA,NA,NA,NA,NA,NA,NA,NA,NA
"Animalia","D. Pawson","Animalia, Chordata, Vertebrata, Osteichthyes, Actinopterygii, Neopterygii, Acanthopterygii, Perciformes, Notothenioidei, Nototheniidae",NA,"PreservedSpecimen",10,-73.62,"Chordata","http://portal.vertnet.org/o/usnm/fishes?id=http-n2t-net-ark-65665-33fa82c85-8e57-4b7c-85be-974c30303a1a",1969,NA,NA,"cornucola","National Museum of Natural History, Smithsonian Institution. NMNH Fishes. Record ID: http://n2t.net/ark:/65665/33fa82c85-8e57-4b7c-85be-974c30303a1a. Source: http://collections.nmnh.si.edu/ipt/resource?r=nmnh_extant_dwc-a (source published on 2016-07-21)","Nototheniidae",NA,"not recorded",NA,"Pacific, Chile",NA,NA,"1969 Oct 22 - 0000 00 00",22,NA,"Fishes",NA,NA,NA,"USNM","Patagonotothen cornucola","Actinopterygii",-52.17,"http://n2t.net/ark:/65665/33fa82c85-8e57-4b7c-85be-974c30303a1a",NA,"CC0","Chile",NA,NA,NA,NA,NA,NA,"Patagonotothen","Perciformes","367111",NA,NA,NA,NA,NA,NA,NA,NA,NA,NA,"Bahia Isthmus",NA,"VertNet",NA,NA,NA,NA,NA,NA,NA,NA,1,NA,"Pacific","Diving and collecting from rocky shore",NA,NA,NA,NA,NA,NA,"Degrees Minutes Seconds",NA,NA,NA,NA,NA,NA,NA,NA,NA,NA,NA,NA,NA,"55",NA,NA,NA,NA,NA,"07337 W","5210 S",NA,NA,NA,NA,NA,NA,NA,NA,NA,NA,NA,NA,NA,NA,NA,NA,NA,NA,NA,NA,NA,NA,NA,NA,NA,NA,NA,NA,NA,NA,NA,NA
"Animalia","M. Lobell, Knake & Westman","Animalia, Chordata, Vertebrata, Osteichthyes, Actinopterygii, Neopterygii, Paracanthopterygii, Gadiformes, Merlucciidae, Merlucciinae",NA,"PreservedSpecimen",1,-72.83,"Chordata","http://portal.vertnet.org/o/usnm/fishes?id=http-n2t-net-ark-65665-3574eb02d-8830-4931-a5ff-274779e194c0",1945,NA,NA,"polylepis","National Museum of Natural History, Smithsonian Institution. NMNH Fishes. Record ID: http://n2t.net/ark:/65665/3574eb02d-8830-4931-a5ff-274779e194c0. Source: http://collections.nmnh.si.edu/ipt/resource?r=nmnh_extant_dwc-a (source published on 2016-07-21)","Merlucciidae",NA,"not recorded",NA,"Pacific, Chile",NA,NA,"1945 Jan 22 - 0000 00 00",22,NA,"Fishes",NA,NA,NA,"USNM","Merluccius polylepis","Actinopterygii",-43.025,"http://n2t.net/ark:/65665/3574eb02d-8830-4931-a5ff-274779e194c0",NA,"CC0","Chile",NA,NA,NA,NA,NA,NA,"Merluccius","Gadiformes","157766",NA,NA,NA,NA,NA,NA,NA,NA,"U-42-372",NA,"Chile Puerto Auchemo",NA,"VertNet",NA,NA,NA,NA,NA,"Paratype",NA,NA,2,NA,"Pacific","Muscle tissue removed from 2 specimens for molecular analysis by Paul McDonald, BTTG, Oct 2000.",NA,NA,NA,NA,NA,NA,"Degrees Minutes Seconds",NA,NA,NA,NA,NA,NA,NA,NA,NA,NA,NA,NA,NA,NA,NA,NA,NA,NA,NA,"07250 W","430130S",NA,NA,NA,NA,NA,NA,NA,NA,NA,NA,NA,NA,NA,NA,NA,NA,NA,NA,NA,NA,NA,NA,NA,NA,NA,NA,NA,NA,NA,NA,NA,NA
"Animalia",NA,"Animalia, Chordata, Vertebrata, Osteichthyes, Actinopterygii, Neopterygii, Acanthopterygii, Perciformes, Notothenioidei, Nototheniidae",NA,"PreservedSpecimen",2,-72.05,"Chordata","http://portal.vertnet.org/o/usnm/fishes?id=http-n2t-net-ark-65665-36faf2998-ed4f-4dd0-bab6-13b0eb976b62",1888,NA,NA,"longipes","National Museum of Natural History, Smithsonian Institution. NMNH Fishes. Record ID: http://n2t.net/ark:/65665/36faf2998-ed4f-4dd0-bab6-13b0eb976b62. Source: http://collections.nmnh.si.edu/ipt/resource?r=nmnh_extant_dwc-a (source published on 2016-07-21)","Nototheniidae",NA,"not recorded",NA,"Pacific, Chile",NA,NA,"1888 Feb 01 - 0000 00 00",1,NA,"Fishes",NA,NA,NA,"USNM","Patagonotothen longipes","Actinopterygii",-53.67,"http://n2t.net/ark:/65665/36faf2998-ed4f-4dd0-bab6-13b0eb976b62",NA,"CC0","Chile",NA,NA,NA,NA,NA,NA,"Patagonotothen","Perciformes","77351",NA,NA,NA,NA,NA,NA,NA,NA,NA,NA,"Off Chile, South America: Borja Bay, Sts. Magellan",NA,"VertNet",NA,NA,"CA",NA,NA,NA,NA,NA,1,NA,"Pacific","Poor condition, from stomach of hake",NA,NA,NA,NA,NA,NA,"Degrees Minutes Seconds",NA,NA,NA,NA,NA,NA,NA,NA,NA,NA,NA,NA,NA,NA,NA,NA,NA,NA,NA,"07203 W","5340 S",NA,NA,NA,NA,NA,NA,NA,NA,NA,NA,NA,NA,NA,NA,NA,NA,NA,NA,NA,NA,NA,NA,NA,NA,NA,NA,NA,NA,NA,NA,NA,NA
"Animalia",NA,"Animalia, Chordata, Vertebrata, Osteichthyes, Actinopterygii, Neopterygii, Acanthopterygii, Perciformes, Notothenioidei, Nototheniidae",NA,"PreservedSpecimen",2,-73.63,"Chordata","http://portal.vertnet.org/o/usnm/fishes?id=http-n2t-net-ark-65665-37815a6cd-3372-4ec0-823f-781bb2d72bed",1888,NA,NA,"magellanica","National Museum of Natural History, Smithsonian Institution. NMNH Fishes. Record ID: http://n2t.net/ark:/65665/37815a6cd-3372-4ec0-823f-781bb2d72bed. Source: http://collections.nmnh.si.edu/ipt/resource?r=nmnh_extant_dwc-a (source published on 2016-07-21)","Nototheniidae",NA,"not recorded",NA,"Pacific, Chile",NA,NA,"1888 Feb 03 - 0000 00 00",3,NA,"Fishes",NA,NA,NA,"USNM","Paranotothenia magellanica","Actinopterygii",-52.58,"http://n2t.net/ark:/65665/37815a6cd-3372-4ec0-823f-781bb2d72bed",NA,"CC0","Chile",NA,NA,NA,NA,NA,NA,"Paranotothenia","Perciformes","77328",NA,NA,NA,NA,NA,NA,NA,NA,NA,NA,"Off Chile, South America: Otter Bay, Smyth Channel",NA,"VertNet",NA,NA,NA,NA,NA,NA,NA,NA,1,NA,"Pacific","Poor condition",NA,NA,NA,NA,NA,NA,"Degrees Minutes Seconds",NA,NA,NA,NA,NA,NA,NA,NA,NA,NA,NA,NA,NA,NA,NA,NA,NA,NA,NA,"07338 W","5235 S",NA,NA,NA,NA,NA,NA,NA,NA,NA,NA,NA,NA,NA,NA,NA,NA,NA,NA,NA,NA,NA,NA,NA,NA,NA,NA,NA,NA,NA,NA,NA,NA
"Animalia",NA,"Animalia, Chordata, Vertebrata, Osteichthyes, Actinopterygii, Neopterygii, Acanthopterygii, Perciformes, Notothenioidei, Nototheniidae",NA,"PreservedSpecimen",2,-74.25,"Chordata","http://portal.vertnet.org/o/usnm/fishes?id=http-n2t-net-ark-65665-381b6fa5b-9c6a-46b9-8055-3f4aee80b37a",1888,NA,NA,"longipes","National Museum of Natural History, Smithsonian Institution. NMNH Fishes. Record ID: http://n2t.net/ark:/65665/381b6fa5b-9c6a-46b9-8055-3f4aee80b37a. Source: http://collections.nmnh.si.edu/ipt/resource?r=nmnh_extant_dwc-a (source published on 2016-07-21)","Nototheniidae",NA,"not recorded",NA,"Pacific, Chile",NA,NA,"1888 Feb 07 - 0000 00 00",7,NA,"Fishes",NA,NA,NA,"USNM","Patagonotothen longipes","Actinopterygii",-49.42,"http://n2t.net/ark:/65665/381b6fa5b-9c6a-46b9-8055-3f4aee80b37a",NA,"CC0","Chile",NA,NA,NA,NA,NA,NA,"Patagonotothen","Perciformes","77354",NA,NA,NA,NA,NA,NA,NA,NA,NA,NA,"Off Chile, South America: Port Grappler, Patagonia",NA,"VertNet",NA,NA,NA,NA,NA,NA,NA,NA,4,NA,"Pacific",NA,NA,NA,NA,NA,NA,NA,"Degrees Minutes Seconds",NA,NA,NA,NA,NA,NA,NA,NA,NA,NA,NA,NA,NA,NA,NA,NA,NA,NA,NA,"07415 W","4925 S",NA,NA,NA,NA,NA,NA,NA,NA,NA,NA,NA,NA,NA,NA,NA,NA,NA,NA,NA,NA,NA,NA,NA,NA,NA,NA,NA,NA,NA,NA,NA,NA
"Animalia","M. Lobell","Animalia, Chordata, Vertebrata, Osteichthyes, Actinopterygii, Neopterygii, Acanthopterygii, Syngnathiformes, Syngnathoidei, Syngnathidae, Syngnathinae",NA,"PreservedSpecimen",1,-72.97,"Chordata","http://portal.vertnet.org/o/usnm/fishes?id=http-n2t-net-ark-65665-38727bf56-4dbc-48b1-8763-e35d3d8aa592",1945,NA,NA,"blainvilleanus","National Museum of Natural History, Smithsonian Institution. NMNH Fishes. Record ID: http://n2t.net/ark:/65665/38727bf56-4dbc-48b1-8763-e35d3d8aa592. Source: http://collections.nmnh.si.edu/ipt/resource?r=nmnh_extant_dwc-a (source published on 2016-07-21)","Syngnathidae",NA,"not recorded",NA,"Pacific, Chile",NA,NA,"1945 Jan 18 - 0000 00 00",18,NA,"Fishes",NA,NA,NA,"USNM","Leptonotus blainvilleanus","Actinopterygii",-41.5,"http://n2t.net/ark:/65665/38727bf56-4dbc-48b1-8763-e35d3d8aa592",NA,"CC0","Chile",NA,NA,NA,NA,NA,NA,"Leptonotus","Syngnathiformes","205179",NA,NA,NA,NA,NA,NA,NA,NA,"U-42-326",NA,"Chile: Puerto Montt + Canal Tenglo",NA,"VertNet",NA,NA,NA,NA,NA,NA,NA,NA,3,NA,"Pacific","Out of usnm 176572. orig. no. (etc.) u-42-329",NA,NA,NA,NA,NA,NA,"Degrees Minutes Seconds",NA,NA,NA,NA,NA,NA,NA,NA,NA,NA,NA,NA,NA,NA,NA,NA,NA,NA,NA,"07258 W","4130 S",NA,NA,NA,NA,NA,NA,NA,NA,NA,NA,NA,NA,NA,NA,NA,NA,NA,NA,NA,NA,NA,NA,NA,NA,NA,NA,NA,NA,NA,NA,NA,NA
"Animalia","F. Cardenas","Animalia, Chordata, Vertebrata, Osteichthyes, Actinopterygii, Neopterygii, Paracanthopterygii, Gadiformes, Moridae",NA,"PreservedSpecimen",5,-70.4,"Chordata","http://portal.vertnet.org/o/usnm/fishes?id=http-n2t-net-ark-65665-38dddad41-7bb2-49ac-801c-5449d9da848e",1969,NA,NA,"australis","National Museum of Natural History, Smithsonian Institution. NMNH Fishes. Record ID: http://n2t.net/ark:/65665/38dddad41-7bb2-49ac-801c-5449d9da848e. Source: http://collections.nmnh.si.edu/ipt/resource?r=nmnh_extant_dwc-a (source published on 2016-07-21)","Moridae",NA,"not recorded",NA,"Pacific, Chile",NA,NA,"1969 May 03 - 0000 00 00",3,NA,"Fishes",NA,NA,NA,"USNM","Salilota australis","Actinopterygii",-53.83,"http://n2t.net/ark:/65665/38dddad41-7bb2-49ac-801c-5449d9da848e",NA,"CC0","Chile",NA,NA,NA,NA,NA,NA,"Salilota","Gadiformes","227653",NA,NA,NA,NA,NA,NA,NA,NA,NA,NA,"500 m Off Punta Tern, In Canal Whiteside, Isla Dawson, Chile.",NA,"VertNet",NA,NA,NA,NA,NA,NA,NA,NA,1,NA,"Pacific","Fishes bought by usarp.",NA,NA,NA,NA,NA,NA,"Degrees Minutes Seconds",NA,NA,NA,NA,NA,NA,NA,NA,NA,NA,NA,NA,NA,"69-17",NA,NA,NA,NA,NA,"07024 W","5350 S",NA,NA,NA,NA,NA,NA,NA,NA,NA,NA,NA,NA,NA,NA,NA,NA,NA,NA,NA,NA,NA,NA,NA,NA,NA,NA,NA,NA,NA,NA,NA,NA
"Animalia","M. Lobell","Animalia, Chordata, Vertebrata, Osteichthyes, Actinopterygii, Neopterygii, Acanthopterygii, Perciformes, Notothenioidei, Nototheniidae",NA,"PreservedSpecimen",1,-73,"Chordata","http://portal.vertnet.org/o/usnm/fishes?id=http-n2t-net-ark-65665-39198ee8b-35a5-45e8-a179-ca5a4722cb17",1945,NA,NA,"longipes","National Museum of Natural History, Smithsonian Institution. NMNH Fishes. Record ID: http://n2t.net/ark:/65665/39198ee8b-35a5-45e8-a179-ca5a4722cb17. Source: http://collections.nmnh.si.edu/ipt/resource?r=nmnh_extant_dwc-a (source published on 2016-07-21)","Nototheniidae",NA,"not recorded",NA,"Pacific, Chile",NA,NA,"1945 Jan 24 - 0000 00 00",24,NA,"Fishes",NA,NA,NA,"USNM","Patagonotothen longipes","Actinopterygii",-43.62,"http://n2t.net/ark:/65665/39198ee8b-35a5-45e8-a179-ca5a4722cb17",NA,"CC0","Chile",NA,NA,NA,NA,NA,NA,"Patagonotothen","Perciformes","176486",NA,NA,NA,NA,NA,NA,NA,NA,"U-42-380",NA,"Chile, Tictoc Bay",NA,"VertNet",NA,NA,NA,NA,NA,NA,NA,NA,1,NA,"Pacific",NA,NA,NA,NA,NA,NA,NA,"Degrees Minutes Seconds",NA,NA,NA,NA,NA,NA,NA,NA,NA,NA,NA,NA,NA,NA,NA,NA,NA,NA,NA,"07300 W","4337 S",NA,NA,NA,NA,NA,NA,NA,NA,NA,NA,NA,NA,NA,NA,NA,NA,NA,NA,NA,NA,NA,NA,NA,NA,NA,NA,NA,NA,NA,NA,NA,NA
"Animalia",NA,"Animalia, Chordata, Vertebrata, Osteichthyes, Actinopterygii, Neopterygii, Acanthopterygii, Perciformes, Notothenioidei, Nototheniidae",NA,"PreservedSpecimen",4,-70.8425,"Chordata","http://portal.vertnet.org/o/usnm/fishes?id=http-n2t-net-ark-65665-39530cd67-3d1f-4606-b8c9-83f78a5c46af",1969,NA,NA,"magellanica","National Museum of Natural History, Smithsonian Institution. NMNH Fishes. Record ID: http://n2t.net/ark:/65665/39530cd67-3d1f-4606-b8c9-83f78a5c46af. Source: http://collections.nmnh.si.edu/ipt/resource?r=nmnh_extant_dwc-a (source published on 2016-07-21)","Nototheniidae",NA,"not recorded",NA,"Pacific, Chile",NA,NA,"1969 Apr 16 - 0000 00 00",16,NA,"Fishes",NA,NA,NA,"USNM","Paranotothenia magellanica","Actinopterygii",-53.5133,"http://n2t.net/ark:/65665/39530cd67-3d1f-4606-b8c9-83f78a5c46af",NA,"CC0","Chile",NA,NA,NA,NA,NA,NA,"Paranotothenia","Perciformes","370794",NA,NA,NA,NA,NA,NA,NA,NA,NA,NA,"At Punta Sta. Ana Peninsula De Brunswick, Chile From High Sub-Tidal.",NA,"VertNet",NA,NA,NA,NA,NA,NA,NA,NA,3,NA,"Pacific",NA,NA,NA,NA,1,0,NA,"Degrees Minutes Seconds",NA,NA,NA,NA,NA,NA,NA,NA,NA,NA,NA,NA,NA,"69-6A",NA,NA,NA,NA,NA,"0705033W","533048S",NA,NA,NA,NA,NA,NA,NA,NA,NA,NA,NA,NA,NA,NA,NA,NA,NA,NA,NA,NA,NA,NA,NA,NA,NA,NA,NA,NA,NA,NA,NA,NA
"Animalia","M. Lobell","Animalia, Chordata, Vertebrata, Osteichthyes, Actinopterygii, Neopterygii, Acanthopterygii, Perciformes, Notothenioidei, Nototheniidae",NA,"PreservedSpecimen",1,-73.55,"Chordata","http://portal.vertnet.org/o/usnm/fishes?id=http-n2t-net-ark-65665-3aede503a-560e-4a0f-83cb-96e0425b6a9b",1945,NA,NA,"angustata","National Museum of Natural History, Smithsonian Institution. NMNH Fishes. Record ID: http://n2t.net/ark:/65665/3aede503a-560e-4a0f-83cb-96e0425b6a9b. Source: http://collections.nmnh.si.edu/ipt/resource?r=nmnh_extant_dwc-a (source published on 2016-07-21)","Nototheniidae",NA,"not recorded",NA,"Pacific, Chile",NA,NA,"1945 Jan 25 - 0000 00 00",25,NA,"Fishes",NA,NA,NA,"USNM","Notothenia angustata","Actinopterygii",-45.175,"http://n2t.net/ark:/65665/3aede503a-560e-4a0f-83cb-96e0425b6a9b",NA,"CC0","Chile",NA,NA,NA,NA,NA,NA,"Notothenia","Perciformes","176391",NA,NA,NA,NA,NA,NA,NA,NA,"U-42-383",NA,"Huichas Island",NA,"VertNet",NA,NA,NA,NA,NA,NA,NA,NA,1,NA,"Pacific",NA,NA,NA,NA,NA,NA,NA,"Degrees Minutes Seconds",NA,NA,NA,NA,NA,NA,NA,NA,NA,NA,NA,NA,NA,NA,NA,NA,NA,NA,NA,"07333 W","451030S",NA,NA,NA,NA,NA,NA,NA,NA,NA,NA,NA,NA,NA,NA,NA,NA,NA,NA,NA,NA,NA,NA,NA,NA,NA,NA,NA,NA,NA,NA,NA,NA
"Animalia","F. Cardenas","Animalia, Chordata, Vertebrata, Osteichthyes, Actinopterygii, Neopterygii, Acanthopterygii, Atheriniformes, Atherinopsidae, Atherinopsinae",NA,"PreservedSpecimen",5,-70.4,"Chordata","http://portal.vertnet.org/o/usnm/fishes?id=http-n2t-net-ark-65665-3bd24d148-0689-4a2b-882a-cb70ca190abe",1969,NA,NA,"smitti","National Museum of Natural History, Smithsonian Institution. NMNH Fishes. Record ID: http://n2t.net/ark:/65665/3bd24d148-0689-4a2b-882a-cb70ca190abe. Source: http://collections.nmnh.si.edu/ipt/resource?r=nmnh_extant_dwc-a (source published on 2016-07-21)","Atherinopsidae",NA,"not recorded",NA,"Pacific, Chile",NA,NA,"1969 May 03 - 0000 00 00",3,NA,"Fishes",NA,NA,NA,"USNM","Austromenidia smitti","Actinopterygii",-53.83,"http://n2t.net/ark:/65665/3bd24d148-0689-4a2b-882a-cb70ca190abe",NA,"CC0","Chile",NA,NA,NA,NA,NA,NA,"Austromenidia","Atheriniformes","305673",NA,NA,NA,NA,NA,NA,NA,NA,NA,NA,"500 m Off Punta Tern, In Canal Whiteside, Isla Dawson, Chile.",NA,"VertNet",NA,NA,NA,NA,NA,NA,NA,NA,6,NA,"Pacific",NA,NA,NA,NA,NA,NA,NA,"Degrees Minutes Seconds",NA,NA,NA,NA,NA,NA,NA,NA,NA,NA,NA,NA,NA,"69-17",NA,NA,NA,NA,NA,"07024 W","5350 S",NA,NA,NA,NA,NA,NA,NA,NA,NA,NA,NA,NA,NA,NA,NA,NA,NA,NA,NA,NA,NA,NA,NA,NA,NA,NA,NA,NA,NA,NA,NA,NA
"Animalia",NA,"Animalia, Chordata, Vertebrata, Osteichthyes, Actinopterygii, Neopterygii, Acanthopterygii, Perciformes, Notothenioidei, Harpagiferidae","Magallanes y Antartica Chilena","PreservedSpecimen",1,-69.3667,"Chordata","http://portal.vertnet.org/o/usnm/fishes?id=http-n2t-net-ark-65665-3c1fa78f6-785e-497f-8fef-24ec781a1791",1888,18,NA,"bispinis","National Museum of Natural History, Smithsonian Institution. NMNH Fishes. Record ID: http://n2t.net/ark:/65665/3c1fa78f6-785e-497f-8fef-24ec781a1791. Source: http://collections.nmnh.si.edu/ipt/resource?r=nmnh_extant_dwc-a (source published on 2016-07-21)","Harpagiferidae",NA,"not recorded",NA,"Atlantic, Chile, Magallanes y Antartica Chilena",NA,NA,NA,18,NA,"Fishes",NA,NA,NA,"USNM","Harpagifer bispinis","Actinopterygii",-52.375,"http://n2t.net/ark:/65665/3c1fa78f6-785e-497f-8fef-24ec781a1791",NA,"CC0","Chile",NA,NA,"1888-01-18",NA,NA,NA,"Harpagifer","Perciformes","77282",18,NA,NA,NA,NA,NA,NA,NA,NA,NA,"Straits of Magellen",NA,"VertNet",NA,NA,NA,NA,NA,NA,NA,NA,9,NA,"Atlantic",NA,NA,NA,NA,53.9,53.9,NA,NA,NA,NA,NA,NA,NA,NA,NA,NA,NA,NA,NA,NA,NA,"D. 2775",NA,NA,NA,NA,NA,"069 22 00 W","52 22 30 S",NA,NA,NA,NA,NA,NA,NA,NA,NA,NA,NA,NA,NA,NA,NA,NA,NA,NA,NA,NA,NA,NA,NA,NA,NA,NA,NA,NA,NA,NA,NA,NA
"Animalia","M. Morrell","Animalia, Chordata, Vertebrata, Osteichthyes, Actinopterygii, Neopterygii, Acanthopterygii, Perciformes, Trachinoidei, Pinguipedidae",NA,"PreservedSpecimen",9,-73.07,"Chordata","http://portal.vertnet.org/o/usnm/fishes?id=http-n2t-net-ark-65665-3cfb3c4f9-4380-4c5d-bf20-3f30eca22327",1967,NA,NA,"jugularis","National Museum of Natural History, Smithsonian Institution. NMNH Fishes. Record ID: http://n2t.net/ark:/65665/3cfb3c4f9-4380-4c5d-bf20-3f30eca22327. Source: http://collections.nmnh.si.edu/ipt/resource?r=nmnh_extant_dwc-a (source published on 2016-07-21)","Pinguipedidae",NA,"not recorded",NA,"Pacific, Chile",NA,NA,"1967 Sep 16 - 0000 00 00",16,NA,"Fishes",NA,NA,NA,"USNM","Prolatilus jugularis","Actinopterygii",-41.6,"http://n2t.net/ark:/65665/3cfb3c4f9-4380-4c5d-bf20-3f30eca22327",NA,"CC0","Chile",NA,NA,NA,NA,NA,NA,"Prolatilus","Perciformes","213592",NA,NA,NA,NA,NA,NA,NA,NA,NA,NA,"Near Puerto Montt Chile",NA,"VertNet",NA,NA,NA,NA,NA,NA,NA,NA,2,NA,"Pacific",NA,NA,NA,NA,135,90,NA,"Degrees Minutes Seconds",NA,NA,NA,NA,NA,NA,NA,NA,NA,NA,NA,NA,NA,NA,NA,NA,NA,NA,NA,"07304 W","4136 S",NA,NA,NA,NA,NA,NA,NA,NA,NA,NA,NA,NA,NA,NA,NA,NA,NA,NA,NA,NA,NA,NA,NA,NA,NA,NA,NA,NA,NA,NA,NA,NA
"Animalia","M. Lobell","Animalia, Chordata, Vertebrata, Osteichthyes, Actinopterygii, Neopterygii, Acanthopterygii, Perciformes, Notothenioidei, Nototheniidae",NA,"PreservedSpecimen",1,-73.1,"Chordata","http://portal.vertnet.org/o/usnm/fishes?id=http-n2t-net-ark-65665-3dc3fbf19-45cf-41d6-a3cb-dc72011b55ff",1945,NA,NA,"longipes","National Museum of Natural History, Smithsonian Institution. NMNH Fishes. Record ID: http://n2t.net/ark:/65665/3dc3fbf19-45cf-41d6-a3cb-dc72011b55ff. Source: http://collections.nmnh.si.edu/ipt/resource?r=nmnh_extant_dwc-a (source published on 2016-07-21)","Nototheniidae",NA,"not recorded",NA,"Pacific, Chile",NA,NA,"1945 Jan 20 - 0000 00 00",20,NA,"Fishes",NA,NA,NA,"USNM","Patagonotothen longipes","Actinopterygii",-41.9,"http://n2t.net/ark:/65665/3dc3fbf19-45cf-41d6-a3cb-dc72011b55ff",NA,"CC0","Chile",NA,NA,NA,NA,NA,NA,"Patagonotothen","Perciformes","176597",NA,NA,NA,NA,NA,NA,NA,NA,"U-42-347; U-42-343; U-42-344",NA,"Chile: Bahia Lin",NA,"VertNet",NA,NA,NA,NA,NA,NA,NA,NA,3,NA,"Pacific","Originally 4 specimens, 1 removed to usnm 200786",NA,NA,NA,NA,NA,NA,"Degrees Minutes Seconds",NA,NA,NA,NA,NA,NA,NA,NA,NA,NA,NA,NA,NA,NA,NA,NA,NA,NA,NA,"07306 W","4154 S",NA,NA,NA,NA,NA,NA,NA,NA,NA,NA,NA,NA,NA,NA,NA,NA,NA,NA,NA,NA,NA,NA,NA,NA,NA,NA,NA,NA,NA,NA,NA,NA
"Animalia","M. Lobell","Animalia, Chordata, Vertebrata, Osteichthyes, Actinopterygii, Neopterygii, Acanthopterygii, Perciformes, Percoidei, Bovichtidae",NA,"PreservedSpecimen",2,-73.77,"Chordata","http://portal.vertnet.org/o/usnm/fishes?id=http-n2t-net-ark-65665-3e5de4214-df7b-48a9-9962-9998e68465e9",1945,NA,NA,"gobio","National Museum of Natural History, Smithsonian Institution. NMNH Fishes. Record ID: http://n2t.net/ark:/65665/3e5de4214-df7b-48a9-9962-9998e68465e9. Source: http://collections.nmnh.si.edu/ipt/resource?r=nmnh_extant_dwc-a (source published on 2016-07-21)","Bovichtidae",NA,"not recorded",NA,"Pacific, Chile",NA,NA,"1945 Feb 04 - 0000 00 00",4,NA,"Fishes",NA,NA,NA,"USNM","Cottoperca gobio","Actinopterygii",-42.625,"http://n2t.net/ark:/65665/3e5de4214-df7b-48a9-9962-9998e68465e9",NA,"CC0","Chile",NA,NA,NA,NA,NA,NA,"Cottoperca","Perciformes","114925",NA,NA,NA,NA,NA,NA,NA,NA,"U-42-403",NA,"Chile, Chonchi, Chiloe Is.",NA,"VertNet",NA,NA,NA,NA,NA,NA,NA,NA,5,NA,"Pacific",NA,NA,NA,NA,NA,NA,NA,"Degrees Minutes Seconds",NA,NA,NA,NA,NA,NA,NA,NA,NA,NA,NA,NA,NA,NA,NA,NA,NA,NA,NA,"07346 W","423730S",NA,NA,NA,NA,NA,NA,NA,NA,NA,NA,NA,NA,NA,NA,NA,NA,NA,NA,NA,NA,NA,NA,NA,NA,NA,NA,NA,NA,NA,NA,NA,NA
"Animalia",NA,"Animalia, Chordata, Vertebrata, Osteichthyes, Actinopterygii, Neopterygii, Acanthopterygii, Perciformes, Notothenioidei, Nototheniidae",NA,"PreservedSpecimen",1,-70.92,"Chordata","http://portal.vertnet.org/o/usnm/fishes?id=http-n2t-net-ark-65665-3000bb434-6de9-4e1b-a1e4-1f1ba0f39586",1888,NA,NA,"magellanica","National Museum of Natural History, Smithsonian Institution. NMNH Fishes. Record ID: http://n2t.net/ark:/65665/3000bb434-6de9-4e1b-a1e4-1f1ba0f39586. Source: http://collections.nmnh.si.edu/ipt/resource?r=nmnh_extant_dwc-a (source published on 2016-07-21)","Nototheniidae",NA,"not recorded",NA,"Atlantic, Chile",NA,NA,"1888 Jan 00 - 0000 00 00",NA,NA,"Fishes",NA,NA,NA,"USNM","Paranotothenia magellanica","Actinopterygii",-53.17,"http://n2t.net/ark:/65665/3000bb434-6de9-4e1b-a1e4-1f1ba0f39586",NA,"CC0","Chile",NA,NA,NA,NA,NA,NA,"Paranotothenia","Perciformes","77329",NA,NA,NA,NA,NA,NA,NA,NA,NA,NA,"Sandy Pt. (Sts. of Magellan)",NA,"VertNet",NA,NA,NA,NA,NA,NA,NA,NA,1,NA,"Atlantic",NA,NA,NA,NA,NA,NA,NA,"Degrees Minutes Seconds",NA,NA,NA,NA,NA,NA,NA,NA,NA,NA,NA,NA,NA,NA,NA,NA,NA,NA,NA,"07055 W","5310 S",NA,NA,NA,NA,NA,NA,NA,NA,NA,NA,NA,NA,NA,NA,NA,NA,NA,NA,NA,NA,NA,NA,NA,NA,NA,NA,NA,NA,NA,NA,NA,NA
"Animalia",NA,"Animalia, Chordata, Vertebrata, Osteichthyes, Actinopterygii, Neopterygii, Acanthopterygii, Perciformes, Notothenioidei, Nototheniidae",NA,"PreservedSpecimen",1,-70.87,"Chordata","http://portal.vertnet.org/o/usnm/fishes?id=http-n2t-net-ark-65665-30c2d52d4-36f2-4cb3-b139-dfdd240873bd",1888,NA,NA,"maclovinus","National Museum of Natural History, Smithsonian Institution. NMNH Fishes. Record ID: http://n2t.net/ark:/65665/30c2d52d4-36f2-4cb3-b139-dfdd240873bd. Source: http://collections.nmnh.si.edu/ipt/resource?r=nmnh_extant_dwc-a (source published on 2016-07-21)","Nototheniidae",NA,"not recorded",NA,"Pacific, Chile",NA,NA,"1888 Jan 00 - 1888 Feb 00",NA,NA,"Fishes",NA,NA,NA,"USNM","Eleginops maclovinus","Actinopterygii",-53,"http://n2t.net/ark:/65665/30c2d52d4-36f2-4cb3-b139-dfdd240873bd",NA,"CC0","Chile",NA,NA,NA,NA,NA,NA,"Eleginops","Perciformes","77320",NA,NA,NA,NA,NA,NA,NA,NA,NA,NA,"Laredo Bay",NA,"VertNet",NA,NA,NA,NA,NA,NA,NA,NA,1,NA,"Pacific",NA,NA,NA,NA,NA,NA,NA,"Degrees Minutes Seconds",NA,NA,NA,NA,NA,NA,NA,NA,NA,NA,NA,NA,NA,NA,NA,NA,NA,NA,NA,"07052 W","5300 S",NA,NA,NA,NA,NA,NA,NA,NA,NA,NA,NA,NA,NA,NA,NA,NA,NA,NA,NA,NA,NA,NA,NA,NA,NA,NA,NA,NA,NA,NA,NA,NA
"Animalia",NA,"Animalia, Chordata, Vertebrata, Osteichthyes, Actinopterygii, Neopterygii, Acanthopterygii, Perciformes, Notothenioidei, Nototheniidae",NA,"PreservedSpecimen",1,-73.63,"Chordata","http://portal.vertnet.org/o/usnm/fishes?id=http-n2t-net-ark-65665-347a8d5af-e1b3-4837-88b9-b72b4814760f",1888,NA,NA,"tessellata","National Museum of Natural History, Smithsonian Institution. NMNH Fishes. Record ID: http://n2t.net/ark:/65665/347a8d5af-e1b3-4837-88b9-b72b4814760f. Source: http://collections.nmnh.si.edu/ipt/resource?r=nmnh_extant_dwc-a (source published on 2016-07-21)","Nototheniidae",NA,"not recorded",NA,"Pacific, Chile",NA,NA,"1888 Jan 00 - 1888 Feb 00",NA,NA,"Fishes",NA,NA,NA,"USNM","Patagonotothen tessellata","Actinopterygii",-52.58,"http://n2t.net/ark:/65665/347a8d5af-e1b3-4837-88b9-b72b4814760f",NA,"CC0","Chile",NA,NA,NA,NA,NA,NA,"Patagonotothen","Perciformes","77346",NA,NA,NA,NA,NA,NA,NA,NA,NA,NA,"Otter Bay (In Smyth Channel)",NA,"VertNet",NA,NA,NA,NA,NA,NA,NA,NA,7,NA,"Pacific",NA,NA,NA,NA,NA,NA,NA,"Degrees Minutes Seconds",NA,NA,NA,NA,NA,NA,NA,NA,NA,NA,NA,NA,NA,NA,NA,NA,NA,NA,NA,"07338 W","5235 S",NA,NA,NA,NA,NA,NA,NA,NA,NA,NA,NA,NA,NA,NA,NA,NA,NA,NA,NA,NA,NA,NA,NA,NA,NA,NA,NA,NA,NA,NA,NA,NA
"Animalia",NA,"Animalia, Chordata, Vertebrata, Osteichthyes, Actinopterygii, Neopterygii, Acanthopterygii, Perciformes, Notothenioidei, Nototheniidae",NA,"PreservedSpecimen",1,-70.87,"Chordata","http://portal.vertnet.org/o/usnm/fishes?id=http-n2t-net-ark-65665-3492c44b5-93ca-4385-8b82-4f765535b062",1888,NA,NA,"sima","National Museum of Natural History, Smithsonian Institution. NMNH Fishes. Record ID: http://n2t.net/ark:/65665/3492c44b5-93ca-4385-8b82-4f765535b062. Source: http://collections.nmnh.si.edu/ipt/resource?r=nmnh_extant_dwc-a (source published on 2016-07-21)","Nototheniidae",NA,"not recorded",NA,"Pacific, Chile",NA,NA,"1888 Jan 00 - 1888 Feb 00",NA,NA,"Fishes",NA,NA,NA,"USNM","Patagonotothen sima","Actinopterygii",-53,"http://n2t.net/ark:/65665/3492c44b5-93ca-4385-8b82-4f765535b062",NA,"CC0","Chile",NA,NA,NA,NA,NA,NA,"Patagonotothen","Perciformes","77333",NA,NA,NA,NA,NA,NA,NA,NA,NA,NA,"Laredo Bay",NA,"VertNet",NA,NA,NA,NA,NA,NA,NA,NA,33,NA,"Pacific",NA,NA,NA,NA,NA,NA,NA,"Degrees Minutes Seconds",NA,NA,NA,NA,NA,NA,NA,NA,NA,NA,NA,NA,NA,NA,NA,NA,NA,NA,NA,"07052 W","5300 S",NA,NA,NA,NA,NA,NA,NA,NA,NA,NA,NA,NA,NA,NA,NA,NA,NA,NA,NA,NA,NA,NA,NA,NA,NA,NA,NA,NA,NA,NA,NA,NA
"Animalia",NA,"Animalia, Chordata, Vertebrata, Osteichthyes, Actinopterygii, Neopterygii, Acanthopterygii, Perciformes, Notothenioidei, Nototheniidae",NA,"PreservedSpecimen",2,-75.3,"Chordata","http://portal.vertnet.org/o/usnm/fishes?id=http-n2t-net-ark-65665-3cbe480df-3e43-44a5-a66f-d3c414b43b8d",1888,NA,NA,"maclovinus","National Museum of Natural History, Smithsonian Institution. NMNH Fishes. Record ID: http://n2t.net/ark:/65665/3cbe480df-3e43-44a5-a66f-d3c414b43b8d. Source: http://collections.nmnh.si.edu/ipt/resource?r=nmnh_extant_dwc-a (source published on 2016-07-21)","Nototheniidae",NA,"not recorded",NA,"Pacific, Chile",NA,NA,"1888 Feb 00 - 0000 00 00",NA,NA,"Fishes",NA,NA,NA,"USNM","Eleginops maclovinus","Actinopterygii",-46.83,"http://n2t.net/ark:/65665/3cbe480df-3e43-44a5-a66f-d3c414b43b8d",NA,"CC0","Chile",NA,NA,NA,NA,NA,NA,"Eleginops","Perciformes","77318",NA,NA,NA,NA,NA,NA,NA,NA,NA,NA,"Port Otway",NA,"VertNet",NA,NA,NA,NA,NA,NA,NA,NA,53,NA,"Pacific",NA,NA,NA,NA,NA,NA,NA,"Degrees Minutes Seconds",NA,NA,NA,NA,NA,NA,NA,NA,NA,NA,NA,NA,NA,NA,NA,NA,NA,NA,NA,"07518 W","4650 S",NA,NA,NA,NA,NA,NA,NA,NA,NA,NA,NA,NA,NA,NA,NA,NA,NA,NA,NA,NA,NA,NA,NA,NA,NA,NA,NA,NA,NA,NA,NA,NA
"Animalia",NA,"Animalia, Chordata, Vertebrata, Osteichthyes, Actinopterygii, Neopterygii, Acanthopterygii, Perciformes, Notothenioidei, Nototheniidae",NA,"PreservedSpecimen",1,-70.8,"Chordata","http://portal.vertnet.org/o/usnm/fishes?id=http-n2t-net-ark-65665-3d9c2c1d8-4dd9-4737-b477-e516d8f1208a",1888,NA,NA,"gilberti","National Museum of Natural History, Smithsonian Institution. NMNH Fishes. Record ID: http://n2t.net/ark:/65665/3d9c2c1d8-4dd9-4737-b477-e516d8f1208a. Source: http://collections.nmnh.si.edu/ipt/resource?r=nmnh_extant_dwc-a (source published on 2016-07-21)","Nototheniidae",NA,"not recorded",NA,"Atlantic, Straits of Magellan, Chile",NA,NA,"1888 Jan 00 - 0000 00 00",NA,NA,"Fishes",NA,NA,NA,"USNM","Notothenia gilberti","Actinopterygii",-52.97,"http://n2t.net/ark:/65665/3d9c2c1d8-4dd9-4737-b477-e516d8f1208a",NA,"CC0","Chile",NA,NA,NA,NA,NA,NA,"Notothenia","Perciformes","76853",NA,NA,NA,NA,NA,NA,NA,NA,NA,NA,"Laredo Bay, Straits of Magellan",NA,"VertNet",NA,NA,"CA",NA,NA,"Type",NA,NA,1,NA,"Atlantic, Straits of Magellan",NA,NA,NA,NA,NA,NA,NA,"Degrees Minutes Seconds",NA,NA,NA,NA,NA,NA,NA,NA,NA,NA,NA,NA,NA,NA,NA,NA,NA,NA,NA,"07048 W","5258 S",NA,NA,NA,NA,NA,NA,NA,NA,NA,NA,NA,NA,NA,NA,NA,NA,NA,NA,NA,NA,NA,NA,NA,NA,NA,NA,NA,NA,NA,NA,NA,NA
"Animalia",NA,"Animalia, Chordata, Vertebrata, Osteichthyes, Actinopterygii, Neopterygii, Acanthopterygii, Perciformes, Notothenioidei, Nototheniidae",NA,"PreservedSpecimen",1,-74.25,"Chordata","http://portal.vertnet.org/o/usnm/fishes?id=http-n2t-net-ark-65665-3de5e3020-fc62-40f9-9f18-cd79d93fad8b",1888,NA,NA,"tessellata","National Museum of Natural History, Smithsonian Institution. NMNH Fishes. Record ID: http://n2t.net/ark:/65665/3de5e3020-fc62-40f9-9f18-cd79d93fad8b. Source: http://collections.nmnh.si.edu/ipt/resource?r=nmnh_extant_dwc-a (source published on 2016-07-21)","Nototheniidae",NA,"not recorded",NA,"Pacific, Chile",NA,NA,"1888 Jan 00 - 1888 Feb 00",NA,NA,"Fishes",NA,NA,NA,"USNM","Patagonotothen tessellata","Actinopterygii",-49.42,"http://n2t.net/ark:/65665/3de5e3020-fc62-40f9-9f18-cd79d93fad8b",NA,"CC0","Chile",NA,NA,NA,NA,NA,NA,"Patagonotothen","Perciformes","77343",NA,NA,NA,NA,NA,NA,NA,NA,NA,NA,"Port Grappler",NA,"VertNet",NA,NA,NA,NA,NA,NA,NA,NA,9,NA,"Pacific","Originally 10 specimens, 1 exchanged to brit. mus.",NA,NA,NA,NA,NA,NA,"Degrees Minutes Seconds",NA,NA,NA,NA,NA,NA,NA,NA,NA,NA,NA,NA,NA,NA,NA,NA,NA,NA,NA,"07415 W","4925 S",NA,NA,NA,NA,NA,NA,NA,NA,NA,NA,NA,NA,NA,NA,NA,NA,NA,NA,NA,NA,NA,NA,NA,NA,NA,NA,NA,NA,NA,NA,NA,NA
"Animalia",NA,"Animalia, Chordata, Vertebrata, Osteichthyes, Actinopterygii, Neopterygii, Acanthopterygii, Perciformes, Notothenioidei, Nototheniidae",NA,"PreservedSpecimen",1,-70.87,"Chordata","http://portal.vertnet.org/o/usnm/fishes?id=http-n2t-net-ark-65665-3f87629fa-d530-4dd1-85f1-02f9811180a9",1888,NA,NA,"angustata","National Museum of Natural History, Smithsonian Institution. NMNH Fishes. Record ID: http://n2t.net/ark:/65665/3f87629fa-d530-4dd1-85f1-02f9811180a9. Source: http://collections.nmnh.si.edu/ipt/resource?r=nmnh_extant_dwc-a (source published on 2016-07-21)","Nototheniidae",NA,"not recorded",NA,"Pacific, Chile",NA,NA,"1888 Jan 00 - 1888 Feb 00",NA,NA,"Fishes",NA,NA,NA,"USNM","Notothenia angustata","Actinopterygii",-53,"http://n2t.net/ark:/65665/3f87629fa-d530-4dd1-85f1-02f9811180a9",NA,"CC0","Chile",NA,NA,NA,NA,NA,NA,"Notothenia","Perciformes","76886",NA,NA,NA,NA,NA,NA,NA,NA,NA,NA,"Laredo Bay",NA,"VertNet",NA,NA,NA,NA,NA,NA,NA,NA,1,NA,"Pacific",NA,NA,NA,NA,NA,NA,NA,"Degrees Minutes Seconds",NA,NA,NA,NA,NA,NA,NA,NA,NA,NA,NA,NA,NA,NA,NA,NA,NA,NA,NA,"07052 W","5300 S",NA,NA,NA,NA,NA,NA,NA,NA,NA,NA,NA,NA,NA,NA,NA,NA,NA,NA,NA,NA,NA,NA,NA,NA,NA,NA,NA,NA,NA,NA,NA,NA
"Animalia",NA,"Animalia, Chordata, Vertebrata, Osteichthyes, Actinopterygii, Neopterygii, Paracanthopterygii, Gadiformes, Moridae",NA,"PreservedSpecimen",1,-73.87,"Chordata","http://portal.vertnet.org/o/usnm/fishes?id=http-n2t-net-ark-65665-30b496868-1b17-4b1b-9986-416d6becabd9",1888,NA,NA,"australis","National Museum of Natural History, Smithsonian Institution. NMNH Fishes. Record ID: http://n2t.net/ark:/65665/30b496868-1b17-4b1b-9986-416d6becabd9. Source: http://collections.nmnh.si.edu/ipt/resource?r=nmnh_extant_dwc-a (source published on 2016-07-21)","Moridae",NA,"not recorded",NA,"Pacific, Chile",NA,NA,"1888 Jan 00 - 1888 Feb 00",NA,NA,"Fishes",NA,NA,NA,"USNM","Salilota australis","Actinopterygii",-53.1,"http://n2t.net/ark:/65665/30b496868-1b17-4b1b-9986-416d6becabd9",NA,"CC0","Chile",NA,NA,NA,NA,NA,NA,"Salilota","Gadiformes","170837",NA,NA,NA,NA,NA,NA,NA,"Unknown",NA,NA,"Port Churruca",NA,"VertNet",NA,NA,NA,NA,NA,NA,NA,NA,1,NA,"Pacific",NA,NA,NA,NA,NA,NA,NA,"Degrees Minutes Seconds",NA,NA,NA,NA,NA,NA,NA,NA,NA,NA,NA,NA,NA,NA,NA,NA,NA,NA,NA,"07352 W","5306 S",NA,NA,NA,NA,NA,NA,NA,NA,NA,NA,NA,NA,NA,NA,NA,NA,NA,NA,NA,NA,NA,NA,NA,NA,NA,NA,NA,NA,NA,NA,NA,NA
"Animalia",NA,"Animalia, Chordata, Vertebrata, Osteichthyes, Actinopterygii, Neopterygii, Acanthopterygii, Perciformes, Notothenioidei, Nototheniidae",NA,"PreservedSpecimen",1,-70.92,"Chordata","http://portal.vertnet.org/o/usnm/fishes?id=http-n2t-net-ark-65665-3225edb47-0971-4128-aeb8-fab3b924940b",1888,NA,NA,"maclovinus","National Museum of Natural History, Smithsonian Institution. NMNH Fishes. Record ID: http://n2t.net/ark:/65665/3225edb47-0971-4128-aeb8-fab3b924940b. Source: http://collections.nmnh.si.edu/ipt/resource?r=nmnh_extant_dwc-a (source published on 2016-07-21)","Nototheniidae",NA,"not recorded",NA,"Pacific, Chile",NA,NA,"1888 Jan 00 - 1888 Feb 00",NA,NA,"Fishes",NA,NA,NA,"USNM","Eleginops maclovinus","Actinopterygii",-53.17,"http://n2t.net/ark:/65665/3225edb47-0971-4128-aeb8-fab3b924940b",NA,"CC0","Chile",NA,NA,NA,NA,NA,NA,"Eleginops","Perciformes","77319",NA,NA,NA,NA,NA,NA,NA,NA,NA,NA,"Sandy Pt. (Punta Arenas), Str. Magellan",NA,"VertNet",NA,NA,NA,NA,NA,NA,NA,NA,2,NA,"Pacific",NA,NA,NA,NA,NA,NA,NA,"Degrees Minutes Seconds",NA,NA,NA,NA,NA,NA,NA,NA,NA,NA,NA,NA,NA,NA,NA,NA,NA,NA,NA,"07055 W","5310 S",NA,NA,NA,NA,NA,NA,NA,NA,NA,NA,NA,NA,NA,NA,NA,NA,NA,NA,NA,NA,NA,NA,NA,NA,NA,NA,NA,NA,NA,NA,NA,NA
"Animalia",NA,"Animalia, Chordata, Vertebrata, Osteichthyes, Actinopterygii, Neopterygii, Acanthopterygii, Perciformes, Notothenioidei, Nototheniidae",NA,"PreservedSpecimen",1,-70.87,"Chordata","http://portal.vertnet.org/o/usnm/fishes?id=http-n2t-net-ark-65665-324d6de68-f434-4c2c-ac3c-83f570462486",1888,NA,NA,"tessellata","National Museum of Natural History, Smithsonian Institution. NMNH Fishes. Record ID: http://n2t.net/ark:/65665/324d6de68-f434-4c2c-ac3c-83f570462486. Source: http://collections.nmnh.si.edu/ipt/resource?r=nmnh_extant_dwc-a (source published on 2016-07-21)","Nototheniidae",NA,"not recorded",NA,"Pacific, Chile",NA,NA,"1888 Jan 00 - 1888 Feb 00",NA,NA,"Fishes",NA,NA,NA,"USNM","Patagonotothen tessellata","Actinopterygii",-53,"http://n2t.net/ark:/65665/324d6de68-f434-4c2c-ac3c-83f570462486",NA,"CC0","Chile",NA,NA,NA,NA,NA,NA,"Patagonotothen","Perciformes","77340",NA,NA,NA,NA,NA,NA,NA,NA,NA,NA,"Laredo Bay",NA,"VertNet",NA,NA,NA,NA,NA,NA,NA,NA,36,NA,"Pacific",NA,NA,NA,NA,NA,NA,NA,"Degrees Minutes Seconds",NA,NA,NA,NA,NA,NA,NA,NA,NA,NA,NA,NA,NA,NA,NA,NA,NA,NA,NA,"07052 W","5300 S",NA,NA,NA,NA,NA,NA,NA,NA,NA,NA,NA,NA,NA,NA,NA,NA,NA,NA,NA,NA,NA,NA,NA,NA,NA,NA,NA,NA,NA,NA,NA,NA
"Animalia",NA,"Animalia, Chordata, Vertebrata, Osteichthyes, Actinopterygii, Neopterygii, Acanthopterygii, Perciformes, Notothenioidei, Nototheniidae",NA,"PreservedSpecimen",2,-74.75,"Chordata","http://portal.vertnet.org/o/usnm/fishes?id=http-n2t-net-ark-65665-328028460-f27c-4bff-9c9b-9126e91b1d6b",1888,NA,NA,"longicauda","National Museum of Natural History, Smithsonian Institution. NMNH Fishes. Record ID: http://n2t.net/ark:/65665/328028460-f27c-4bff-9c9b-9126e91b1d6b. Source: http://collections.nmnh.si.edu/ipt/resource?r=nmnh_extant_dwc-a (source published on 2016-07-21)","Nototheniidae",NA,"not recorded",NA,"Pacific, Chile",NA,NA,"1888 Feb 00 - 0000 00 00",NA,NA,"Fishes",NA,NA,NA,"USNM","Notothenia longicauda","Actinopterygii",-47.75,"http://n2t.net/ark:/65665/328028460-f27c-4bff-9c9b-9126e91b1d6b",NA,"CC0","Chile",NA,NA,NA,NA,NA,NA,"Notothenia","Perciformes","76856",NA,NA,NA,NA,NA,NA,NA,NA,NA,NA,"Off Chile, South America: Island Harbor (In Messier Channel)",NA,"VertNet","Thompson",NA,NA,NA,NA,"Holotype",NA,NA,1,NA,"Pacific","78 mm body length",NA,NA,NA,NA,NA,NA,"Degrees Minutes Seconds",NA,NA,NA,NA,NA,NA,NA,NA,NA,NA,NA,NA,NA,NA,NA,NA,NA,NA,NA,"07445 W","4745 S",NA,NA,NA,NA,NA,NA,NA,NA,NA,NA,NA,NA,NA,NA,NA,NA,NA,NA,NA,NA,NA,NA,NA,NA,NA,NA,NA,NA,NA,NA,NA,NA
"Animalia",NA,"Animalia, Chordata, Vertebrata, Osteichthyes, Actinopterygii, Neopterygii, Acanthopterygii, Perciformes, Notothenioidei, Nototheniidae",NA,"PreservedSpecimen",1,-70.92,"Chordata","http://portal.vertnet.org/o/usnm/fishes?id=http-n2t-net-ark-65665-337ecf0d5-2bf8-4e80-8c89-2c000cfa95ba",1888,NA,NA,"sima","National Museum of Natural History, Smithsonian Institution. NMNH Fishes. Record ID: http://n2t.net/ark:/65665/337ecf0d5-2bf8-4e80-8c89-2c000cfa95ba. Source: http://collections.nmnh.si.edu/ipt/resource?r=nmnh_extant_dwc-a (source published on 2016-07-21)","Nototheniidae",NA,"not recorded",NA,"Pacific, Chile",NA,NA,"1888 Jan 00 - 1888 Feb 00",NA,NA,"Fishes",NA,NA,NA,"USNM","Patagonotothen sima","Actinopterygii",-53.17,"http://n2t.net/ark:/65665/337ecf0d5-2bf8-4e80-8c89-2c000cfa95ba",NA,"CC0","Chile",NA,NA,NA,NA,NA,NA,"Patagonotothen","Perciformes","77332",NA,NA,NA,NA,NA,NA,NA,NA,NA,NA,"Sandy Pt. (Punta Arenas), Str. Magellan",NA,"VertNet",NA,NA,NA,NA,NA,NA,NA,NA,2,NA,"Pacific",NA,NA,NA,NA,NA,NA,NA,"Degrees Minutes Seconds",NA,NA,NA,NA,NA,NA,NA,NA,NA,NA,NA,NA,NA,NA,NA,NA,NA,NA,NA,"07055 W","5310 S",NA,NA,NA,NA,NA,NA,NA,NA,NA,NA,NA,NA,NA,NA,NA,NA,NA,NA,NA,NA,NA,NA,NA,NA,NA,NA,NA,NA,NA,NA,NA,NA
"Animalia",NA,"Animalia, Chordata, Vertebrata, Osteichthyes, Actinopterygii, Neopterygii, Acanthopterygii, Perciformes, Notothenioidei, Nototheniidae",NA,"PreservedSpecimen",1,-70.33,"Chordata","http://portal.vertnet.org/o/usnm/fishes?id=http-n2t-net-ark-65665-369ca44dd-aa70-4b8a-8754-e97d5361d621",1888,NA,NA,"sima","National Museum of Natural History, Smithsonian Institution. NMNH Fishes. Record ID: http://n2t.net/ark:/65665/369ca44dd-aa70-4b8a-8754-e97d5361d621. Source: http://collections.nmnh.si.edu/ipt/resource?r=nmnh_extant_dwc-a (source published on 2016-07-21)","Nototheniidae",NA,"not recorded",NA,"Pacific, Chile",NA,NA,"1888 Jan 00 - 1888 Feb 00",NA,NA,"Fishes",NA,NA,NA,"USNM","Patagonotothen sima","Actinopterygii",-52.67,"http://n2t.net/ark:/65665/369ca44dd-aa70-4b8a-8754-e97d5361d621",NA,"CC0","Chile",NA,NA,NA,NA,NA,NA,"Patagonotothen","Perciformes","77331",NA,NA,NA,NA,NA,NA,NA,NA,NA,NA,"Gregory Bay, Straits of Magellan.",NA,"VertNet",NA,NA,NA,NA,NA,NA,NA,NA,12,NA,"Pacific",NA,NA,NA,NA,NA,NA,NA,"Degrees Minutes Seconds",NA,NA,NA,NA,NA,NA,NA,NA,NA,NA,NA,NA,NA,NA,NA,NA,NA,NA,NA,"07020 W","5240 S",NA,NA,NA,NA,NA,NA,NA,NA,NA,NA,NA,NA,NA,NA,NA,NA,NA,NA,NA,NA,NA,NA,NA,NA,NA,NA,NA,NA,NA,NA,NA,NA
"Animalia",NA,"Animalia, Chordata, Vertebrata, Osteichthyes, Actinopterygii, Neopterygii, Acanthopterygii, Atheriniformes, Atherinopsidae, Atherinopsinae",NA,"PreservedSpecimen",1,-70.33,"Chordata","http://portal.vertnet.org/o/usnm/fishes?id=http-n2t-net-ark-65665-371b3212f-ded5-4902-a4cc-316509090a03",1888,NA,NA,"nigricans","National Museum of Natural History, Smithsonian Institution. NMNH Fishes. Record ID: http://n2t.net/ark:/65665/371b3212f-ded5-4902-a4cc-316509090a03. Source: http://collections.nmnh.si.edu/ipt/resource?r=nmnh_extant_dwc-a (source published on 2016-07-21)","Atherinopsidae",NA,"not recorded",NA,"Pacific, Chile",NA,NA,"1888 Jan 00 - 1888 Feb 00",NA,NA,"Fishes",NA,NA,NA,"USNM","Austromenidia nigricans","Actinopterygii",-52.67,"http://n2t.net/ark:/65665/371b3212f-ded5-4902-a4cc-316509090a03",NA,"CC0","Chile",NA,NA,NA,NA,NA,NA,"Austromenidia","Atheriniformes","77300",NA,NA,NA,NA,NA,NA,NA,NA,NA,NA,"Gregory Bay, Straits of Magellan.",NA,"VertNet",NA,NA,NA,NA,NA,NA,NA,NA,1,NA,"Pacific",NA,NA,NA,NA,NA,NA,NA,"Degrees Minutes Seconds",NA,NA,NA,NA,NA,NA,NA,NA,NA,NA,NA,NA,NA,NA,NA,NA,NA,NA,NA,"07020 W","5240 S",NA,NA,NA,NA,NA,NA,NA,NA,NA,NA,NA,NA,NA,NA,NA,NA,NA,NA,NA,NA,NA,NA,NA,NA,NA,NA,NA,NA,NA,NA,NA,NA
"Animalia",NA,"Animalia, Chordata, Vertebrata, Osteichthyes, Actinopterygii, Neopterygii, Acanthopterygii, Perciformes, Notothenioidei, Nototheniidae",NA,"PreservedSpecimen",1,-70.33,"Chordata","http://portal.vertnet.org/o/usnm/fishes?id=http-n2t-net-ark-65665-37a0ac9b0-8566-4dff-a044-8c0ee63089aa",1888,NA,NA,"tessellata","National Museum of Natural History, Smithsonian Institution. NMNH Fishes. Record ID: http://n2t.net/ark:/65665/37a0ac9b0-8566-4dff-a044-8c0ee63089aa. Source: http://collections.nmnh.si.edu/ipt/resource?r=nmnh_extant_dwc-a (source published on 2016-07-21)","Nototheniidae",NA,"not recorded",NA,"Pacific, Chile",NA,NA,"1888 Jan 00 - 1888 Feb 00",NA,NA,"Fishes",NA,NA,NA,"USNM","Patagonotothen tessellata","Actinopterygii",-52.67,"http://n2t.net/ark:/65665/37a0ac9b0-8566-4dff-a044-8c0ee63089aa",NA,"CC0","Chile",NA,NA,NA,NA,NA,NA,"Patagonotothen","Perciformes","77344",NA,NA,NA,NA,NA,NA,NA,NA,NA,NA,"Gregory Bay, Straits of Magellan.",NA,"VertNet",NA,NA,NA,NA,NA,NA,NA,NA,2,NA,"Pacific","19 jan 1888",NA,NA,NA,NA,NA,NA,"Degrees Minutes Seconds",NA,NA,NA,NA,NA,NA,NA,NA,NA,NA,NA,NA,NA,NA,NA,NA,NA,NA,NA,"07020 W","5240 S",NA,NA,NA,NA,NA,NA,NA,NA,NA,NA,NA,NA,NA,NA,NA,NA,NA,NA,NA,NA,NA,NA,NA,NA,NA,NA,NA,NA,NA,NA,NA,NA
"Animalia",NA,"Animalia, Chordata, Vertebrata, Osteichthyes, Actinopterygii, Neopterygii, Acanthopterygii, Perciformes, Notothenioidei, Nototheniidae",NA,"PreservedSpecimen",1,-72.05,"Chordata","http://portal.vertnet.org/o/usnm/fishes?id=http-n2t-net-ark-65665-37c9cc567-a841-4f47-8c4a-7728648fdfda",1888,NA,NA,"magellanica","National Museum of Natural History, Smithsonian Institution. NMNH Fishes. Record ID: http://n2t.net/ark:/65665/37c9cc567-a841-4f47-8c4a-7728648fdfda. Source: http://collections.nmnh.si.edu/ipt/resource?r=nmnh_extant_dwc-a (source published on 2016-07-21)","Nototheniidae",NA,"not recorded",NA,"Pacific, Chile",NA,NA,"1888 Jan 00 - 1888 Feb 00",NA,NA,"Fishes",NA,NA,NA,"USNM","Paranotothenia magellanica","Actinopterygii",-53.67,"http://n2t.net/ark:/65665/37c9cc567-a841-4f47-8c4a-7728648fdfda",NA,"CC0","Chile",NA,NA,NA,NA,NA,NA,"Paranotothenia","Perciformes","77330",NA,NA,NA,NA,NA,NA,NA,NA,NA,NA,"Sts. Magellan, Borja Bay",NA,"VertNet",NA,NA,"CA",NA,NA,NA,NA,NA,1,NA,"Pacific",NA,NA,NA,NA,NA,NA,NA,"Degrees Minutes Seconds",NA,NA,NA,NA,NA,NA,NA,NA,NA,NA,NA,NA,NA,NA,NA,NA,NA,NA,NA,"07203 W","5340 S",NA,NA,NA,NA,NA,NA,NA,NA,NA,NA,NA,NA,NA,NA,NA,NA,NA,NA,NA,NA,NA,NA,NA,NA,NA,NA,NA,NA,NA,NA,NA,NA
"Animalia",NA,"Animalia, Chordata, Vertebrata, Osteichthyes, Actinopterygii, Neopterygii, Acanthopterygii, Perciformes, Percoidei, Bovichtidae",NA,"PreservedSpecimen",1,-72.05,"Chordata","http://portal.vertnet.org/o/usnm/fishes?id=http-n2t-net-ark-65665-382f76dd4-3ec2-4c8f-b10b-51524e5206b2",1888,NA,NA,"gobio","National Museum of Natural History, Smithsonian Institution. NMNH Fishes. Record ID: http://n2t.net/ark:/65665/382f76dd4-3ec2-4c8f-b10b-51524e5206b2. Source: http://collections.nmnh.si.edu/ipt/resource?r=nmnh_extant_dwc-a (source published on 2016-07-21)","Bovichtidae",NA,"not recorded",NA,"Pacific, Chile",NA,NA,"1888 Jan 00 - 1888 Feb 00",NA,NA,"Fishes",NA,NA,NA,"USNM","Cottoperca gobio","Actinopterygii",-53.67,"http://n2t.net/ark:/65665/382f76dd4-3ec2-4c8f-b10b-51524e5206b2",NA,"CC0","Chile",NA,NA,NA,NA,NA,NA,"Cottoperca","Perciformes","77361",NA,NA,NA,NA,NA,NA,NA,NA,NA,NA,"Sts. Magellan, Borja Bay",NA,"VertNet",NA,NA,"CA",NA,NA,NA,NA,NA,2,NA,"Pacific",NA,NA,NA,NA,NA,NA,NA,"Degrees Minutes Seconds",NA,NA,NA,NA,NA,NA,NA,NA,NA,NA,NA,NA,NA,NA,NA,NA,NA,NA,NA,"07203 W","5340 S",NA,NA,NA,NA,NA,NA,NA,NA,NA,NA,NA,NA,NA,NA,NA,NA,NA,NA,NA,NA,NA,NA,NA,NA,NA,NA,NA,NA,NA,NA,NA,NA
"Animalia",NA,"Animalia, Chordata, Vertebrata, Osteichthyes, Actinopterygii, Neopterygii, Acanthopterygii, Perciformes, Notothenioidei, Nototheniidae",NA,"PreservedSpecimen",1,-70.92,"Chordata","http://portal.vertnet.org/o/usnm/fishes?id=http-n2t-net-ark-65665-38b5e947b-0d75-4e49-b90b-0f97b8359911",1888,NA,NA,"tessellata","National Museum of Natural History, Smithsonian Institution. NMNH Fishes. Record ID: http://n2t.net/ark:/65665/38b5e947b-0d75-4e49-b90b-0f97b8359911. Source: http://collections.nmnh.si.edu/ipt/resource?r=nmnh_extant_dwc-a (source published on 2016-07-21)","Nototheniidae",NA,"not recorded",NA,"Pacific, Chile",NA,NA,"1888 Jan 00 - 1888 Feb 00",NA,NA,"Fishes",NA,NA,NA,"USNM","Patagonotothen tessellata","Actinopterygii",-53.17,"http://n2t.net/ark:/65665/38b5e947b-0d75-4e49-b90b-0f97b8359911",NA,"CC0","Chile",NA,NA,NA,NA,NA,NA,"Patagonotothen","Perciformes","77339",NA,NA,NA,NA,NA,NA,NA,NA,NA,NA,"Sandy Pt. (Punta Arenas), Str. Magellan",NA,"VertNet",NA,NA,NA,NA,NA,NA,NA,NA,48,NA,"Pacific","23-27 jan 1888",NA,NA,NA,NA,NA,NA,"Degrees Minutes Seconds",NA,NA,NA,NA,NA,NA,NA,NA,NA,NA,NA,NA,NA,NA,NA,NA,NA,NA,NA,"07055 W","5310 S",NA,NA,NA,NA,NA,NA,NA,NA,NA,NA,NA,NA,NA,NA,NA,NA,NA,NA,NA,NA,NA,NA,NA,NA,NA,NA,NA,NA,NA,NA,NA,NA
"Animalia",NA,"Animalia, Chordata, Vertebrata, Osteichthyes, Actinopterygii, Neopterygii, Acanthopterygii, Perciformes, Notothenioidei, Nototheniidae",NA,"PreservedSpecimen",1,-73.87,"Chordata","http://portal.vertnet.org/o/usnm/fishes?id=http-n2t-net-ark-65665-39557c4eb-dcb6-487d-aa16-f207e6cc9f52",1888,NA,NA,"tessellata","National Museum of Natural History, Smithsonian Institution. NMNH Fishes. Record ID: http://n2t.net/ark:/65665/39557c4eb-dcb6-487d-aa16-f207e6cc9f52. Source: http://collections.nmnh.si.edu/ipt/resource?r=nmnh_extant_dwc-a (source published on 2016-07-21)","Nototheniidae",NA,"not recorded",NA,"Pacific, Chile",NA,NA,"1888 Jan 00 - 1888 Feb 00",NA,NA,"Fishes",NA,NA,NA,"USNM","Patagonotothen tessellata","Actinopterygii",-53.1,"http://n2t.net/ark:/65665/39557c4eb-dcb6-487d-aa16-f207e6cc9f52",NA,"CC0","Chile",NA,NA,NA,NA,NA,NA,"Patagonotothen","Perciformes","77341",NA,NA,NA,NA,NA,NA,NA,NA,NA,NA,"Port Churruca",NA,"VertNet",NA,NA,NA,NA,NA,NA,NA,NA,164,NA,"Pacific","2 feb. 1888",NA,NA,NA,NA,NA,NA,"Degrees Minutes Seconds",NA,NA,NA,NA,NA,NA,NA,NA,NA,NA,NA,NA,NA,NA,NA,NA,NA,NA,NA,"07352 W","5306 S",NA,NA,NA,NA,NA,NA,NA,NA,NA,NA,NA,NA,NA,NA,NA,NA,NA,NA,NA,NA,NA,NA,NA,NA,NA,NA,NA,NA,NA,NA,NA,NA
"Animalia",NA,"Animalia, Chordata, Vertebrata, Osteichthyes, Actinopterygii, Neopterygii, Acanthopterygii, Perciformes, Notothenioidei, Harpagiferidae",NA,"PreservedSpecimen",1,-70.92,"Chordata","http://portal.vertnet.org/o/usnm/fishes?id=http-n2t-net-ark-65665-3b6c0ef29-734a-4460-a95d-93b0b69d7c92",1888,NA,NA,"bispinis","National Museum of Natural History, Smithsonian Institution. NMNH Fishes. Record ID: http://n2t.net/ark:/65665/3b6c0ef29-734a-4460-a95d-93b0b69d7c92. Source: http://collections.nmnh.si.edu/ipt/resource?r=nmnh_extant_dwc-a (source published on 2016-07-21)","Harpagiferidae",NA,"not recorded",NA,"Atlantic, Chile",NA,NA,"1888 Jan 00 - 0000 00 00",NA,NA,"Fishes",NA,NA,NA,"USNM","Harpagifer bispinis","Actinopterygii",-53.17,"http://n2t.net/ark:/65665/3b6c0ef29-734a-4460-a95d-93b0b69d7c92",NA,"CC0","Chile",NA,NA,NA,NA,NA,NA,"Harpagifer","Perciformes","77281",NA,NA,NA,NA,NA,NA,NA,NA,NA,NA,"Sandy Pt. (Sts. of Magellan)",NA,"VertNet",NA,NA,NA,NA,NA,NA,NA,NA,5,NA,"Atlantic",NA,NA,NA,NA,NA,NA,NA,"Degrees Minutes Seconds",NA,NA,NA,NA,NA,NA,NA,NA,NA,NA,NA,NA,NA,NA,NA,NA,NA,NA,NA,"07055 W","5310 S",NA,NA,NA,NA,NA,NA,NA,NA,NA,NA,NA,NA,NA,NA,NA,NA,NA,NA,NA,NA,NA,NA,NA,NA,NA,NA,NA,NA,NA,NA,NA,NA
"Animalia",NA,"Animalia, Chordata, Vertebrata, Osteichthyes, Actinopterygii, Neopterygii, Acanthopterygii, Perciformes, Notothenioidei, Nototheniidae",NA,"PreservedSpecimen",1,-73.87,"Chordata","http://portal.vertnet.org/o/usnm/fishes?id=http-n2t-net-ark-65665-3f286f0d6-29be-4702-b967-6780ae9ebce4",1888,NA,NA,"squamiceps","National Museum of Natural History, Smithsonian Institution. NMNH Fishes. Record ID: http://n2t.net/ark:/65665/3f286f0d6-29be-4702-b967-6780ae9ebce4. Source: http://collections.nmnh.si.edu/ipt/resource?r=nmnh_extant_dwc-a (source published on 2016-07-21)","Nototheniidae",NA,"not recorded",NA,"Pacific, Chile",NA,NA,"1888 Jan 00 - 1888 Feb 00",NA,NA,"Fishes",NA,NA,NA,"USNM","Patagonotothen squamiceps","Actinopterygii",-53.1,"http://n2t.net/ark:/65665/3f286f0d6-29be-4702-b967-6780ae9ebce4",NA,"CC0","Chile",NA,NA,NA,NA,NA,NA,"Patagonotothen","Perciformes","76883",NA,NA,NA,NA,NA,NA,NA,NA,NA,NA,"Port Churruca",NA,"VertNet",NA,NA,NA,NA,NA,NA,NA,NA,5,NA,"Pacific","02-50; 01-53; originally 6 specimens, 1 exchanged to brit. mus.",NA,NA,NA,NA,NA,NA,"Degrees Minutes Seconds",NA,NA,NA,NA,NA,NA,NA,NA,NA,NA,NA,NA,NA,NA,NA,NA,NA,NA,NA,"07352 W","5306 S",NA,NA,NA,NA,NA,NA,NA,NA,NA,NA,NA,NA,NA,NA,NA,NA,NA,NA,NA,NA,NA,NA,NA,NA,NA,NA,NA,NA,NA,NA,NA,NA
"Animalia",NA,"Animalia, Chordata, Vertebrata, Osteichthyes, Actinopterygii, Neopterygii, Acanthopterygii, Perciformes, Notothenioidei, Nototheniidae",NA,"PreservedSpecimen",1,-72.05,"Chordata","http://portal.vertnet.org/o/usnm/fishes?id=http-n2t-net-ark-65665-3f4bbac92-36d5-4248-bd19-c539c2777abd",1888,NA,NA,"tessellata","National Museum of Natural History, Smithsonian Institution. NMNH Fishes. Record ID: http://n2t.net/ark:/65665/3f4bbac92-36d5-4248-bd19-c539c2777abd. Source: http://collections.nmnh.si.edu/ipt/resource?r=nmnh_extant_dwc-a (source published on 2016-07-21)","Nototheniidae",NA,"not recorded",NA,"Pacific, Chile",NA,NA,"1888 Jan 00 - 1888 Feb 00",NA,NA,"Fishes",NA,NA,NA,"USNM","Patagonotothen tessellata","Actinopterygii",-53.67,"http://n2t.net/ark:/65665/3f4bbac92-36d5-4248-bd19-c539c2777abd",NA,"CC0","Chile",NA,NA,NA,NA,NA,NA,"Patagonotothen","Perciformes","77342",NA,NA,NA,NA,NA,NA,NA,NA,NA,NA,"Sts. Magellan, Borja Bay",NA,"VertNet",NA,NA,"CA",NA,NA,NA,NA,NA,2,NA,"Pacific","From stomach of hake",NA,NA,NA,NA,NA,NA,"Degrees Minutes Seconds",NA,NA,NA,NA,NA,NA,NA,NA,NA,NA,NA,NA,NA,NA,NA,NA,NA,NA,NA,"07203 W","5340 S",NA,NA,NA,NA,NA,NA,NA,NA,NA,NA,NA,NA,NA,NA,NA,NA,NA,NA,NA,NA,NA,NA,NA,NA,NA,NA,NA,NA,NA,NA,NA,NA
"Animalia","C. Wilkes","Animalia, Chordata, Vertebrata, Osteichthyes, Actinopterygii, Neopterygii, Acanthopterygii, Perciformes, Notothenioidei, Nototheniidae",NA,"PreservedSpecimen",NA,-68.17,"Chordata","http://portal.vertnet.org/o/usnm/fishes?id=http-n2t-net-ark-65665-33a830d33-7a37-4707-9839-4becd11e32f1",1838,NA,NA,"tessellata","National Museum of Natural History, Smithsonian Institution. NMNH Fishes. Record ID: http://n2t.net/ark:/65665/33a830d33-7a37-4707-9839-4becd11e32f1. Source: http://collections.nmnh.si.edu/ipt/resource?r=nmnh_extant_dwc-a (source published on 2016-07-21)","Nototheniidae",NA,"not recorded",NA,"Atlantic, Chile",NA,NA,"1838 00 00 - 1842 00 00",NA,NA,"Fishes",NA,NA,NA,"USNM","Patagonotothen tessellata","Actinopterygii",-55.5,"http://n2t.net/ark:/65665/33a830d33-7a37-4707-9839-4becd11e32f1",NA,"CC0","Chile",NA,NA,NA,NA,NA,NA,"Patagonotothen","Perciformes","83187",NA,NA,NA,NA,NA,NA,NA,NA,NA,NA,"Orange Harbor (Tierra Del Fuego)",NA,"VertNet",NA,NA,NA,NA,NA,NA,NA,NA,2,NA,"Atlantic","Original no. 160",NA,NA,NA,NA,NA,NA,"Degrees Minutes Seconds",NA,NA,NA,NA,NA,NA,NA,NA,NA,NA,NA,NA,NA,NA,NA,NA,NA,NA,NA,"06810 W","5530 S",NA,NA,NA,NA,NA,NA,NA,NA,NA,NA,NA,NA,NA,NA,NA,NA,NA,NA,NA,NA,NA,NA,NA,NA,NA,NA,NA,NA,NA,NA,NA,NA
"Animalia","C. Wilkes","Animalia, Chordata, Vertebrata, Osteichthyes, Actinopterygii, Neopterygii, Acanthopterygii, Perciformes, Notothenioidei, Nototheniidae",NA,"PreservedSpecimen",NA,-68.17,"Chordata","http://portal.vertnet.org/o/usnm/fishes?id=http-n2t-net-ark-65665-30541ef5e-481d-4c15-bc7a-04914e166d1b",1838,NA,NA,"tessellata","National Museum of Natural History, Smithsonian Institution. NMNH Fishes. Record ID: http://n2t.net/ark:/65665/30541ef5e-481d-4c15-bc7a-04914e166d1b. Source: http://collections.nmnh.si.edu/ipt/resource?r=nmnh_extant_dwc-a (source published on 2016-07-21)","Nototheniidae",NA,"not recorded",NA,"Atlantic, Chile",NA,NA,"1838 00 00 - 1842 00 00",NA,NA,"Fishes",NA,NA,NA,"USNM","Patagonotothen tessellata","Actinopterygii",-55.5,"http://n2t.net/ark:/65665/30541ef5e-481d-4c15-bc7a-04914e166d1b",NA,"CC0","Chile",NA,NA,NA,NA,NA,NA,"Patagonotothen","Perciformes","83189",NA,NA,NA,NA,NA,NA,NA,NA,NA,NA,"Orange Harbor (Tierra Del Fuego)",NA,"VertNet",NA,NA,NA,NA,NA,NA,NA,NA,2,NA,"Atlantic","Original no. 162",NA,NA,NA,NA,NA,NA,"Degrees Minutes Seconds",NA,NA,NA,NA,NA,NA,NA,NA,NA,NA,NA,NA,NA,NA,NA,NA,NA,NA,NA,"06810 W","5530 S",NA,NA,NA,NA,NA,NA,NA,NA,NA,NA,NA,NA,NA,NA,NA,NA,NA,NA,NA,NA,NA,NA,NA,NA,NA,NA,NA,NA,NA,NA,NA,NA
"Animalia","C. Wilkes","Animalia, Chordata, Vertebrata, Osteichthyes, Actinopterygii, Neopterygii, Acanthopterygii, Perciformes, Notothenioidei, Nototheniidae",NA,"PreservedSpecimen",NA,-68.17,"Chordata","http://portal.vertnet.org/o/usnm/fishes?id=http-n2t-net-ark-65665-339890fc6-0202-46ee-8cb0-6891d2823af6",1838,NA,NA,"tessellata","National Museum of Natural History, Smithsonian Institution. NMNH Fishes. Record ID: http://n2t.net/ark:/65665/339890fc6-0202-46ee-8cb0-6891d2823af6. Source: http://collections.nmnh.si.edu/ipt/resource?r=nmnh_extant_dwc-a (source published on 2016-07-21)","Nototheniidae",NA,"not recorded",NA,"Atlantic, Chile",NA,NA,"1838 00 00 - 1842 00 00",NA,NA,"Fishes",NA,NA,NA,"USNM","Patagonotothen tessellata","Actinopterygii",-55.5,"http://n2t.net/ark:/65665/339890fc6-0202-46ee-8cb0-6891d2823af6",NA,"CC0","Chile",NA,NA,NA,NA,NA,NA,"Patagonotothen","Perciformes","83191",NA,NA,NA,NA,NA,NA,NA,NA,NA,NA,"Orange Harbor (Tierra Del Fuego)",NA,"VertNet",NA,NA,NA,NA,NA,NA,NA,NA,3,NA,"Atlantic",NA,NA,NA,NA,NA,NA,NA,"Degrees Minutes Seconds",NA,NA,NA,NA,NA,NA,NA,NA,NA,NA,NA,NA,NA,NA,NA,NA,NA,NA,NA,"06810 W","5530 S",NA,NA,NA,NA,NA,NA,NA,NA,NA,NA,NA,NA,NA,NA,NA,NA,NA,NA,NA,NA,NA,NA,NA,NA,NA,NA,NA,NA,NA,NA,NA,NA
"Animalia","C. Wilkes","Animalia, Chordata, Vertebrata, Osteichthyes, Actinopterygii, Neopterygii, Acanthopterygii, Perciformes, Notothenioidei, Nototheniidae",NA,"PreservedSpecimen",NA,-68.17,"Chordata","http://portal.vertnet.org/o/usnm/fishes?id=http-n2t-net-ark-65665-343682bf2-893b-409c-afa7-266bb887b7f5",1838,NA,NA,"tessellata","National Museum of Natural History, Smithsonian Institution. NMNH Fishes. Record ID: http://n2t.net/ark:/65665/343682bf2-893b-409c-afa7-266bb887b7f5. Source: http://collections.nmnh.si.edu/ipt/resource?r=nmnh_extant_dwc-a (source published on 2016-07-21)","Nototheniidae",NA,"not recorded",NA,"Atlantic, Chile",NA,NA,"1838 00 00 - 1842 00 00",NA,NA,"Fishes",NA,NA,NA,"USNM","Patagonotothen tessellata","Actinopterygii",-55.5,"http://n2t.net/ark:/65665/343682bf2-893b-409c-afa7-266bb887b7f5",NA,"CC0","Chile",NA,NA,NA,NA,NA,NA,"Patagonotothen","Perciformes","83188",NA,NA,NA,NA,NA,NA,NA,NA,NA,NA,"Orange Harbor (Tierra Del Fuego)",NA,"VertNet",NA,NA,NA,NA,NA,NA,NA,NA,1,NA,"Atlantic","161",NA,NA,NA,NA,NA,NA,"Degrees Minutes Seconds",NA,NA,NA,NA,NA,NA,NA,NA,NA,NA,NA,NA,NA,NA,NA,NA,NA,NA,NA,"06810 W","5530 S",NA,NA,NA,NA,NA,NA,NA,NA,NA,NA,NA,NA,NA,NA,NA,NA,NA,NA,NA,NA,NA,NA,NA,NA,NA,NA,NA,NA,NA,NA,NA,NA
"Animalia",NA,"Animalia, Chordata, Vertebrata, Osteichthyes, Actinopterygii, Neopterygii, Acanthopterygii, Atheriniformes, Atherinopsidae, Atherinopsinae",NA,"PreservedSpecimen",NA,-70.92,"Chordata","http://portal.vertnet.org/o/usnm/fishes?id=http-n2t-net-ark-65665-3464f9eac-305d-488e-b987-17740e201584",1887,NA,NA,"nigricans","National Museum of Natural History, Smithsonian Institution. NMNH Fishes. Record ID: http://n2t.net/ark:/65665/3464f9eac-305d-488e-b987-17740e201584. Source: http://collections.nmnh.si.edu/ipt/resource?r=nmnh_extant_dwc-a (source published on 2016-07-21)","Atherinopsidae",NA,"not recorded",NA,"Pacific, Chile",NA,NA,"1887 00 00 - 1888 00 00",NA,NA,"Fishes",NA,NA,NA,"USNM","Austromenidia nigricans","Actinopterygii",-53.17,"http://n2t.net/ark:/65665/3464f9eac-305d-488e-b987-17740e201584",NA,"CC0","Chile",NA,NA,NA,NA,NA,NA,"Austromenidia","Atheriniformes","77298",NA,NA,NA,NA,NA,NA,NA,NA,NA,NA,"Sandy Point (Punta Arenas), Straits of Magellan.",NA,"VertNet",NA,NA,NA,NA,NA,NA,NA,NA,1,NA,"Pacific",NA,NA,NA,NA,NA,NA,NA,"Degrees Minutes Seconds",NA,NA,NA,NA,NA,NA,NA,NA,NA,NA,NA,NA,NA,NA,NA,NA,NA,NA,NA,"07055 W","5310 S",NA,NA,NA,NA,NA,NA,NA,NA,NA,NA,NA,NA,NA,NA,NA,NA,NA,NA,NA,NA,NA,NA,NA,NA,NA,NA,NA,NA,NA,NA,NA,NA
"Animalia","C. Wilkes","Animalia, Chordata, Vertebrata, Osteichthyes, Actinopterygii, Neopterygii, Acanthopterygii, Perciformes, Notothenioidei, Nototheniidae",NA,"PreservedSpecimen",NA,-68.17,"Chordata","http://portal.vertnet.org/o/usnm/fishes?id=http-n2t-net-ark-65665-34f054ead-6256-4371-a2e1-c496d1a271c8",1838,NA,NA,"tessellata","National Museum of Natural History, Smithsonian Institution. NMNH Fishes. Record ID: http://n2t.net/ark:/65665/34f054ead-6256-4371-a2e1-c496d1a271c8. Source: http://collections.nmnh.si.edu/ipt/resource?r=nmnh_extant_dwc-a (source published on 2016-07-21)","Nototheniidae",NA,"not recorded",NA,"Atlantic, Chile",NA,NA,"1838 00 00 - 1842 00 00",NA,NA,"Fishes",NA,NA,NA,"USNM","Patagonotothen tessellata","Actinopterygii",-55.5,"http://n2t.net/ark:/65665/34f054ead-6256-4371-a2e1-c496d1a271c8",NA,"CC0","Chile",NA,NA,NA,NA,NA,NA,"Patagonotothen","Perciformes","83184",NA,NA,NA,NA,NA,NA,NA,NA,NA,NA,"Orange Harbor (Tierra Del Fuego)",NA,"VertNet",NA,NA,NA,NA,NA,NA,NA,NA,1,NA,"Atlantic","161",NA,NA,NA,NA,NA,NA,"Degrees Minutes Seconds",NA,NA,NA,NA,NA,NA,NA,NA,NA,NA,NA,NA,NA,NA,NA,NA,NA,NA,NA,"06810 W","5530 S",NA,NA,NA,NA,NA,NA,NA,NA,NA,NA,NA,NA,NA,NA,NA,NA,NA,NA,NA,NA,NA,NA,NA,NA,NA,NA,NA,NA,NA,NA,NA,NA
"Animalia","D. Pawson","Animalia, Chordata, Vertebrata, Osteichthyes, Actinopterygii, Neopterygii, Acanthopterygii, Perciformes, Notothenioidei, Nototheniidae",NA,"PreservedSpecimen",NA,-74.22,"Chordata","http://portal.vertnet.org/o/usnm/fishes?id=http-n2t-net-ark-65665-3de06565b-baee-498c-912b-fe7ca908e84d",1969,NA,NA,"longipes","National Museum of Natural History, Smithsonian Institution. NMNH Fishes. Record ID: http://n2t.net/ark:/65665/3de06565b-baee-498c-912b-fe7ca908e84d. Source: http://collections.nmnh.si.edu/ipt/resource?r=nmnh_extant_dwc-a (source published on 2016-07-21)","Nototheniidae",NA,"not recorded",NA,"Pacific, Chile",NA,NA,"1969 00 00 - 0000 00 00",NA,NA,"Fishes",NA,NA,NA,"USNM","Patagonotothen longipes","Actinopterygii",-51,"http://n2t.net/ark:/65665/3de06565b-baee-498c-912b-fe7ca908e84d",NA,"CC0","Chile",NA,NA,NA,NA,NA,NA,"Patagonotothen","Perciformes","367132",NA,NA,NA,NA,NA,NA,NA,NA,NA,NA,"Entrance To Puerto Bueno",NA,"VertNet",NA,NA,NA,NA,NA,NA,NA,NA,1,NA,"Pacific",NA,NA,NA,NA,NA,NA,NA,"Degrees Minutes Seconds",NA,NA,NA,NA,NA,NA,NA,NA,NA,NA,NA,NA,NA,"59",NA,NA,NA,NA,NA,"074 13W","51 S",NA,NA,NA,NA,NA,NA,NA,NA,NA,NA,NA,NA,NA,NA,NA,NA,NA,NA,NA,NA,NA,NA,NA,NA,NA,NA,NA,NA,NA,NA,NA,NA
"Animalia","L. Moreira","Animalia Chordata Actinopterygii Perciformes Zoarcidae",NA,"PreservedSpecimen",NA,-73.848353,"Chordata","http://portal.vertnet.org/o/fmnh/fishes?id=6f9f5d60-0d65-4375-9ee8-21d02ed3ee0d",NA,NA,NA,"depressiceps","Field Museum of Natural History. Field Museum of Natural History (Zoology) Fish Collection. Record ID: 6f9f5d60-0d65-4375-9ee8-21d02ed3ee0d. Source: http://fmipt.fieldmuseum.org:8080/ipt/resource.do?r=fmnh_fishes (source published on 2017-05-23)","Zoarcidae",NA,"not recorded",NA,"South America, Chile: Taitao Penninsula, Punta Leopardo","https://www.fieldmuseum.org/field-museum-natural-history-conditions-and-suggested-norms-use-collections-data-and-images",NA,NA,NA,NA,"Fishes",NA,NA,NA,"FMNH","Austrolycus depressiceps","Actinopterygii",-46.52354,"6f9f5d60-0d65-4375-9ee8-21d02ed3ee0d","en","https://creativecommons.org/publicdomain/zero/1.0/","Chile",NA,"2015-3-6T20:23:40.000CMT",NA,NA,"ICZN","South America","Austrolycus","Perciformes","43969",NA,NA,"http://biocol.org/urn:lsid:biocol.org:col:34795",NA,NA,NA,NA,NA,"Z43968",NA,"Taitao Penninsula, Punta Leopardo","http://grbio.org/cool/zdsi-36ka","VertNet",NA,NA,NA,NA,NA,NA,NA,NA,5,NA,NA,NA,NA,NA,NA,NA,NA,NA,NA,NA,NA,NA,"FMNH",NA,"The Field Museum of Natural History",NA,NA,NA,NA,NA,NA,NA,NA,623082,"fishes-05-feb-2018",NA,NA,NA,NA,NA,NA,NA,NA,NA,NA,NA,NA,NA,NA,NA,NA,NA,NA,NA,NA,NA,NA,NA,NA,NA,NA,NA,NA,NA,NA,NA,NA,NA,NA,NA,NA,NA
"Animalia","L. Moreira","Animalia Chordata Actinopterygii Perciformes Harpagiferidae",NA,"PreservedSpecimen",NA,-73.848353,"Chordata","http://portal.vertnet.org/o/fmnh/fishes?id=cfc6e321-0dc7-457c-9871-c711565676fc",NA,NA,NA,"bispinis","Field Museum of Natural History. Field Museum of Natural History (Zoology) Fish Collection. Record ID: cfc6e321-0dc7-457c-9871-c711565676fc. Source: http://fmipt.fieldmuseum.org:8080/ipt/resource.do?r=fmnh_fishes (source published on 2017-05-23)","Harpagiferidae",NA,"not recorded",NA,"South America, Chile: Taitao Penninsula, Punta Leopardo","https://www.fieldmuseum.org/field-museum-natural-history-conditions-and-suggested-norms-use-collections-data-and-images",NA,NA,NA,NA,"Fishes",NA,NA,NA,"FMNH","Harpagifer bispinis","Actinopterygii",-46.52354,"cfc6e321-0dc7-457c-9871-c711565676fc","en","https://creativecommons.org/publicdomain/zero/1.0/","Chile",NA,"2016-2-12T11:58:11.000CMT",NA,NA,"ICZN","South America","Harpagifer","Perciformes","43968",NA,NA,"http://biocol.org/urn:lsid:biocol.org:col:34795",NA,NA,NA,NA,NA,"Z43968",NA,"Taitao Penninsula, Punta Leopardo","http://grbio.org/cool/zdsi-36ka","VertNet",NA,NA,NA,NA,NA,NA,NA,NA,5,NA,NA,NA,NA,NA,NA,NA,NA,NA,NA,NA,NA,NA,"FMNH",NA,"The Field Museum of Natural History",NA,NA,NA,NA,NA,NA,NA,NA,623081,"fishes-05-feb-2018",NA,NA,NA,NA,NA,NA,NA,NA,NA,NA,NA,NA,NA,NA,NA,NA,NA,NA,NA,NA,NA,NA,NA,NA,NA,NA,NA,NA,NA,NA,NA,NA,NA,NA,NA,NA,NA
"Animalia","J.H. McLean",NA,NA,"PreservedSpecimen",NA,-70.9333333,"Chordata","http://portal.vertnet.org/o/lacm/fish?id=757873a7-2495-4783-b79b-8d60717d1b4a",NA,NA,"species","austrolycus","Natural History Museum of Los Angeles County. LACM Vertebrate Collection. Record ID: 757873A7-2495-4783-B79B-8D60717D1B4A. Source: http://ipt.vertnet.org:8080/ipt/resource.do?r=lacm_verts (source published on 2019-10-03)","Zoarcidae","CL","not recorded (forced WGS84)",NA,"South Pacific | Chile | - | - |  |  |  |","http://vertnet.org/resources/norms.html","South Pacific | Chile | - | - | Puerto el Hambre, cove south of Punta Askew, Peninsula Brunswick, Magellan Strait.","16 & 19 Nov. 1975",NA,NA,"Fish","present",NA,NA,"LACM","Austrolycus austrolycus","Actinopterygii",-53.6166667,"757873A7-2495-4783-B79B-8D60717D1B4A","en","https://creativecommons.org/publicdomain/zero/1.0","Chile","requires verification","2018-10-08",NA,NA,"ICZN","South America","Austrolycus","Perciformes","35560-1",NA,NA,"http://biocol.org/urn:lsid:biocol:org:34802",NA,NA,NA,NA,NA,"75-49",NA,"Puerto el Hambre, cove south of Punta Askew, Peninsula Brunswick, Magellan Strait.","http://biocol.org/urn:lsid:biocol:org:34804","VertNet",NA,NA,"Calculated from original coordinates",NA,NA,NA,NA,NA,2,"{""bottom"":""Protected cove with loose rocks and ledges."" }","South Pacific Ocean","Capture depth: Intertidal.","Hand",NA,NA,NA,NA,NA,NA,NA,NA,NA,NA,NA,NA,NA,NA,NA,NA,NA,NA,NA,NA,NA,NA,NA,NA,NA,"70°56'0'' W","53°37'0'' S",NA,NA,NA,NA,NA,NA,NA,NA,NA,NA,NA,NA,NA,NA,NA,NA,NA,NA,NA,NA,NA,NA,NA,NA,NA,NA,NA,NA,NA,NA,NA,NA
"Animalia","J.H. McLean",NA,NA,"PreservedSpecimen",NA,-70.9333333,"Chordata","http://portal.vertnet.org/o/lacm/fish?id=c203c2b8-6b93-43f1-a5b8-430910625906",NA,NA,"species","cornucola","Natural History Museum of Los Angeles County. LACM Vertebrate Collection. Record ID: C203C2B8-6B93-43F1-A5B8-430910625906. Source: http://ipt.vertnet.org:8080/ipt/resource.do?r=lacm_verts (source published on 2019-10-03)","Nototheniidae","CL","not recorded (forced WGS84)",NA,"South Pacific | Chile | - | - |  |  |  |","http://vertnet.org/resources/norms.html","South Pacific | Chile | - | - | Puerto el Hambre, cove south of Punta Askew, Peninsula Brunswick, Magellan Strait.","16 & 19 Nov. 1975",NA,NA,"Fish","present",NA,NA,"LACM","Notothenia cornucola","Actinopterygii",-53.6166667,"C203C2B8-6B93-43F1-A5B8-430910625906","en","https://creativecommons.org/publicdomain/zero/1.0","Chile","requires verification","2018-10-08",NA,NA,"ICZN","South America","Notothenia","Perciformes","35560-4",NA,NA,"http://biocol.org/urn:lsid:biocol:org:34802",NA,NA,NA,NA,NA,"75-49",NA,"Puerto el Hambre, cove south of Punta Askew, Peninsula Brunswick, Magellan Strait.","http://biocol.org/urn:lsid:biocol:org:34804","VertNet",NA,NA,"Calculated from original coordinates",NA,NA,NA,NA,NA,2,"{""bottom"":""Protected cove with loose rocks and ledges."" }","South Pacific Ocean","Capture depth: Intertidal.","Hand",NA,NA,NA,NA,NA,NA,NA,NA,NA,NA,NA,NA,NA,NA,NA,NA,NA,NA,NA,NA,NA,NA,NA,NA,NA,"70°56'0'' W","53°37'0'' S",NA,NA,NA,NA,NA,NA,NA,NA,NA,NA,NA,NA,NA,NA,NA,NA,NA,NA,NA,NA,NA,NA,NA,NA,NA,NA,NA,NA,NA,NA,NA,NA
"Animalia","J.H. McLean",NA,NA,"PreservedSpecimen",NA,-70.9333333,"Chordata","http://portal.vertnet.org/o/lacm/fish?id=e1898bd9-2f41-4e20-92a8-acba3559f9e3",NA,NA,"species","bispinis","Natural History Museum of Los Angeles County. LACM Vertebrate Collection. Record ID: E1898BD9-2F41-4E20-92A8-ACBA3559F9E3. Source: http://ipt.vertnet.org:8080/ipt/resource.do?r=lacm_verts (source published on 2019-10-03)","Harpagiferidae","CL","not recorded (forced WGS84)",NA,"South Pacific | Chile | - | - |  |  |  |","http://vertnet.org/resources/norms.html","South Pacific | Chile | - | - | Puerto el Hambre, cove south of Punta Askew, Peninsula Brunswick, Magellan Strait.","16 & 19 Nov. 1975",NA,NA,"Fish","present",NA,NA,"LACM","Harpagifer bispinis","Actinopterygii",-53.6166667,"E1898BD9-2F41-4E20-92A8-ACBA3559F9E3","en","https://creativecommons.org/publicdomain/zero/1.0","Chile","requires verification","2018-10-08",NA,NA,"ICZN","South America","Harpagifer","Perciformes","35560-2",NA,NA,"http://biocol.org/urn:lsid:biocol:org:34802",NA,NA,NA,NA,NA,"75-49",NA,"Puerto el Hambre, cove south of Punta Askew, Peninsula Brunswick, Magellan Strait.","http://biocol.org/urn:lsid:biocol:org:34804","VertNet",NA,NA,"Calculated from original coordinates",NA,NA,NA,NA,NA,2,"{""bottom"":""Protected cove with loose rocks and ledges."" }","South Pacific Ocean","Capture depth: Intertidal.","Hand",NA,NA,NA,NA,NA,NA,NA,NA,NA,NA,NA,NA,NA,NA,NA,"Harpagifer bispinus",NA,NA,NA,NA,NA,NA,NA,NA,NA,"70°56'0'' W","53°37'0'' S",NA,NA,NA,NA,NA,NA,NA,NA,NA,NA,NA,NA,NA,NA,NA,NA,NA,NA,NA,NA,NA,NA,NA,NA,NA,NA,NA,NA,NA,NA,NA,NA
"Animalia","W.S. 749","Animalia, Chordata, Vertebrata, Osteichthyes, Actinopterygii, Neopterygii, Acanthopterygii, Perciformes, Zoarcoidei, Zoarcidae",NA,"PreservedSpecimen",NA,-69.8917,"Chordata","http://portal.vertnet.org/o/usnm/fishes?id=http-n2t-net-ark-65665-32b111257-fbd6-4baf-9fef-b94c8bb23218",NA,NA,NA,"elongatus","National Museum of Natural History, Smithsonian Institution. NMNH Fishes. Record ID: http://n2t.net/ark:/65665/32b111257-fbd6-4baf-9fef-b94c8bb23218. Source: http://collections.nmnh.si.edu/ipt/resource?r=nmnh_extant_dwc-a (source published on 2016-07-21)","Zoarcidae",NA,"not recorded",NA,"South America, Chile",NA,NA,"0000 00 00 - 0000 00 00",NA,NA,"Fishes",NA,NA,NA,"USNM","Iluocoetes elongatus","Actinopterygii",-52.6583,"http://n2t.net/ark:/65665/32b111257-fbd6-4baf-9fef-b94c8bb23218",NA,"CC0","Chile",NA,NA,NA,NA,NA,"South America","Iluocoetes","Perciformes","103786",NA,NA,NA,NA,NA,NA,NA,NA,NA,NA,"S. Philip Bay, Chile, S.a.",NA,"VertNet",NA,NA,NA,NA,NA,NA,NA,NA,1,NA,NA,NA,NA,NA,NA,NA,NA,NA,"Degrees Minutes Seconds",NA,NA,NA,NA,NA,NA,NA,NA,NA,NA,NA,NA,NA,NA,NA,NA,NA,NA,NA,"0695330W","523930S",NA,NA,NA,NA,NA,NA,NA,NA,NA,NA,NA,NA,NA,NA,NA,NA,NA,NA,NA,NA,NA,NA,NA,NA,NA,NA,NA,NA,NA,NA,NA,NA
"Animalia","Museum National d'Histoire Naturelle, Paris","Animalia, Chordata, Vertebrata, Osteichthyes, Actinopterygii, Neopterygii, Acanthopterygii, Perciformes, Notothenioidei, Harpagiferidae",NA,"PreservedSpecimen",NA,-68.02,"Chordata","http://portal.vertnet.org/o/usnm/fishes?id=http-n2t-net-ark-65665-35889a603-3f7e-409c-a893-61bbb88c5255",NA,NA,NA,"bispinis","National Museum of Natural History, Smithsonian Institution. NMNH Fishes. Record ID: http://n2t.net/ark:/65665/35889a603-3f7e-409c-a893-61bbb88c5255. Source: http://collections.nmnh.si.edu/ipt/resource?r=nmnh_extant_dwc-a (source published on 2016-07-21)","Harpagiferidae",NA,"not recorded",NA,"Pacific, Chile",NA,NA,"0000 00 00 - 0000 00 00",NA,NA,"Fishes",NA,NA,NA,"USNM","Harpagifer bispinis","Actinopterygii",-55.53,"http://n2t.net/ark:/65665/35889a603-3f7e-409c-a893-61bbb88c5255",NA,"CC0","Chile",NA,NA,NA,NA,NA,NA,"Harpagifer","Perciformes","42077",NA,NA,NA,NA,NA,NA,NA,NA,NA,NA,"Pacific: Chile, Baie Orange.",NA,"VertNet",NA,NA,NA,NA,NA,NA,NA,NA,1,NA,"Pacific",NA,NA,NA,NA,NA,NA,NA,"Degrees Minutes Seconds",NA,NA,NA,NA,NA,NA,NA,NA,NA,NA,NA,NA,NA,NA,NA,NA,NA,NA,NA,"06801 W","5532 S",NA,NA,NA,NA,NA,NA,NA,NA,NA,NA,NA,NA,NA,NA,NA,NA,NA,NA,NA,NA,NA,NA,NA,NA,NA,NA,NA,NA,NA,NA,NA,NA
"Animalia","M. Morrell","Animalia, Chordata, Vertebrata, Osteichthyes, Actinopterygii, Neopterygii, Acanthopterygii, Perciformes, Blennioidei, Clinidae",NA,"MachineObservation",NA,-72.82,"Chordata","http://portal.vertnet.org/o/usnm/fishes?id=http-n2t-net-ark-65665-3b0bdf35d-dea2-4cb8-acb3-f64f05b3376c",NA,NA,NA,"cristatus","National Museum of Natural History, Smithsonian Institution. NMNH Fishes. Record ID: http://n2t.net/ark:/65665/3b0bdf35d-dea2-4cb8-acb3-f64f05b3376c. Source: http://collections.nmnh.si.edu/ipt/resource?r=nmnh_extant_dwc-a (source published on 2016-07-21)","Clinidae",NA,"not recorded",NA,"Pacific, Chile",NA,NA,"0000 Oct 02 - 0000 00 00",NA,NA,"Fishes",NA,NA,NA,"USNM","Myxodes cristatus","Actinopterygii",-42.7,"http://n2t.net/ark:/65665/3b0bdf35d-dea2-4cb8-acb3-f64f05b3376c",NA,"CC0","Chile",NA,NA,NA,NA,NA,NA,"Myxodes","Perciformes","RAD111284",NA,NA,NA,NA,NA,NA,NA,"Polyester","MM-6-A",NA,"Chile, Gulf of Ancud",NA,"VertNet",NA,NA,NA,NA,NA,NA,NA,NA,1,NA,"Pacific",NA,NA,NA,NA,NA,NA,NA,"Degrees Minutes Seconds",NA,NA,NA,NA,NA,NA,NA,NA,NA,NA,NA,NA,NA,NA,NA,NA,"10979753",NA,NA,"07249 W","4242 S",NA,NA,NA,NA,NA,NA,NA,NA,NA,NA,NA,NA,NA,NA,NA,NA,NA,NA,NA,NA,NA,NA,NA,NA,NA,NA,NA,NA,NA,NA,NA,NA
"Animalia",NA,"Animalia, Chordata, Vertebrata, Osteichthyes, Actinopterygii, Neopterygii, Acanthopterygii, Perciformes, Notothenioidei, Nototheniidae",NA,"PreservedSpecimen",NA,-70.9083,"Chordata","http://portal.vertnet.org/o/usnm/fishes?id=http-n2t-net-ark-65665-3b6709ac3-d54f-442e-bd3d-fc88855a9007",NA,NA,NA,"longipes","National Museum of Natural History, Smithsonian Institution. NMNH Fishes. Record ID: http://n2t.net/ark:/65665/3b6709ac3-d54f-442e-bd3d-fc88855a9007. Source: http://collections.nmnh.si.edu/ipt/resource?r=nmnh_extant_dwc-a (source published on 2016-07-21)","Nototheniidae",NA,"not recorded",NA,"Pacific, Chile",NA,NA,"0000 00 00 - 0000 00 00",NA,NA,"Fishes",NA,NA,NA,"USNM","Patagonotothen longipes","Actinopterygii",-53.65,"http://n2t.net/ark:/65665/3b6709ac3-d54f-442e-bd3d-fc88855a9007",NA,"CC0","Chile",NA,NA,NA,NA,NA,NA,"Patagonotothen","Perciformes","103789",NA,NA,NA,NA,NA,NA,NA,NA,NA,NA,"St. of Magellan, S. a.",NA,"VertNet",NA,NA,NA,NA,NA,NA,NA,NA,1,NA,"Pacific",NA,NA,NA,NA,NA,NA,NA,"Degrees Minutes Seconds",NA,NA,NA,NA,NA,NA,NA,NA,NA,NA,NA,NA,NA,"W.S. 583",NA,NA,NA,NA,NA,"0705430W","5339 S",NA,NA,NA,NA,NA,NA,NA,NA,NA,NA,NA,NA,NA,NA,NA,NA,NA,NA,NA,NA,NA,NA,NA,NA,NA,NA,NA,NA,NA,NA,NA,NA
"Animalia","M. Morrell","Animalia, Chordata, Vertebrata, Osteichthyes, Actinopterygii, Neopterygii, Acanthopterygii, Perciformes, Blennioidei, Clinidae",NA,"PreservedSpecimen",NA,-72.82,"Chordata","http://portal.vertnet.org/o/usnm/fishes?id=http-n2t-net-ark-65665-3f73a595a-7796-42d7-9f34-464eea76c120",NA,NA,NA,"cristatus","National Museum of Natural History, Smithsonian Institution. NMNH Fishes. Record ID: http://n2t.net/ark:/65665/3f73a595a-7796-42d7-9f34-464eea76c120. Source: http://collections.nmnh.si.edu/ipt/resource?r=nmnh_extant_dwc-a (source published on 2016-07-21)","Clinidae",NA,"not recorded",NA,"Pacific, Chile",NA,NA,"0000 Oct 02 - 0000 00 00",NA,NA,"Fishes",NA,NA,NA,"USNM","Myxodes cristatus","Actinopterygii",-42.7,"http://n2t.net/ark:/65665/3f73a595a-7796-42d7-9f34-464eea76c120",NA,"CC0","Chile",NA,NA,NA,NA,NA,NA,"Myxodes","Perciformes","203557",NA,NA,NA,NA,NA,NA,NA,"Alcohol; Radiograph","MM-6-A",NA,"Chile, Gulf of Ancud",NA,"VertNet",NA,NA,NA,NA,NA,NA,NA,NA,3,NA,"Pacific",NA,NA,NA,NA,NA,NA,NA,"Degrees Minutes Seconds",NA,NA,NA,NA,NA,NA,NA,NA,NA,NA,NA,NA,NA,NA,NA,NA,"10016586; 10979753",NA,NA,"07249 W","4242 S",NA,NA,NA,NA,NA,NA,NA,NA,NA,NA,NA,NA,NA,NA,NA,NA,NA,NA,NA,NA,NA,NA,NA,NA,NA,NA,NA,NA,NA,NA,NA,NA
"Animalia","J.H. McLean",NA,NA,"PreservedSpecimen",NA,-70.9333333,"Chordata","http://portal.vertnet.org/o/lacm/fish?id=edec253f-554e-44a5-8ff5-38bf1444d1b4",NA,NA,"species","maynea","Natural History Museum of Los Angeles County. LACM Vertebrate Collection. Record ID: EDEC253F-554E-44A5-8FF5-38BF1444D1B4. Source: http://ipt.vertnet.org:8080/ipt/resource.do?r=lacm_verts (source published on 2019-10-03)","Zoarcidae","CL","not recorded (forced WGS84)",NA,"South Pacific | Chile | - | - |  |  |  |","http://vertnet.org/resources/norms.html","South Pacific | Chile | - | - | Puerto el Hambre, cove south of Punta Askew, Peninsula Brunswick, Magellan Strait.","16 & 19 Nov. 1975",NA,NA,"Fish","present",NA,NA,"LACM","Maynea maynea","Actinopterygii",-53.6166667,"EDEC253F-554E-44A5-8FF5-38BF1444D1B4","en","https://creativecommons.org/publicdomain/zero/1.0","Chile","requires verification","2018-10-08",NA,NA,"ICZN","South America","Maynea","Perciformes","35560-3",NA,NA,"http://biocol.org/urn:lsid:biocol:org:34802",NA,NA,NA,NA,NA,"75-49",NA,"Puerto el Hambre, cove south of Punta Askew, Peninsula Brunswick, Magellan Strait.","http://biocol.org/urn:lsid:biocol:org:34804","VertNet",NA,NA,"Calculated from original coordinates",NA,NA,NA,NA,NA,1,"{""bottom"":""Protected cove with loose rocks and ledges."" }","South Pacific Ocean","Capture depth: Intertidal.","Hand",NA,NA,NA,NA,NA,NA,NA,NA,NA,NA,NA,NA,NA,NA,NA,NA,NA,NA,NA,NA,NA,NA,NA,NA,NA,"70°56'0'' W","53°37'0'' S",NA,NA,NA,NA,NA,NA,NA,NA,NA,NA,NA,NA,NA,NA,NA,NA,NA,NA,NA,NA,NA,NA,NA,NA,NA,NA,NA,NA,NA,NA,NA,NA
"Animalia","Villar de Seoane","Cycadeoideophyta | Cycadeoideopsida | Bennettitales |  | Pterophyllum","Santa Cruz","FossilSpecimen",NA,-71.790001,"Chordata","http://portal.vertnet.org/o/pbdb/153088?id=pbdb-occ-1186058",NA,NA,"species","trichomatosum","Paleobiology Database. Paleobiology Database Chordates. Record ID: pbdb:occ:1186058. Source: http://ipt.vertnet.org:8080/ipt/resource.do?r=pbdb_paleo (source published on 2017-11-05)","Cichlidae","AR","not recorded (forced WGS84)",NA,"| AR | Santa Cruz |  |  |  |  |","http://vertnet.org/resources/norms.html","AR | Santa Cruz",NA,NA,NA,"153088","present",NA,0.0166667,"PBDB","Pterophyllum trichomatosum Villar de Seoane 2001","Actinopterygii",-47.316666,"pbdb:occ:1186058","en","http://creativecommons.org/licenses/by-nc/4.0","Argentina","requires verification","10/30/2017",NA,NA,"ICZN","South America","Pterophyllum","Perciformes",NA,NA,NA,NA,NA,NA,NA,NA,NA,NA,NA,"The fossil material described here occurs in the Estancia El Salitral, Río Chico  Department, approximately 100 km south-east of Perito Moreno, along the road where the provincial routes 1209 and 2105 are joined. The site is located in the  north-west of Santa Cruz Province, to the south of Buenos Aires Lake and the  north of Posadas Lake, within part of the Andean chain, between parallels 46–48S  and the meridians 72–70 (Figure 1). These outcrops have been described by  Cortin˜ as & Arbe (1981).","153088","VertNet","Villar de Seoane 2001",NA,"estimated from map",NA,"L. Villar de Seoane. 2001. Cuticular study of Bennettitales from the Springhill Formation, Lower Cretaceous of Patagonia, Argentina. Cretaceous Research 22:461-479",NA,NA,NA,NA,"{""geogscale"":""outcrop"" }",NA,"The type specimens are deposited in the Palaeobotanical Collection of the Buenos Aires Natural History Museum (BA Pb).","taxonomic; field collection",NA,NA,NA,NA,NA,NA,NA,NA,NA,NA,NA,NA,NA,NA,NA,"Pterophyllum trichomatosum",NA,NA,NA,NA,NA,NA,NA,NA,NA,"-71.790001","-47.316666",NA,NA,NA,NA,NA,NA,2001,NA,NA,NA,NA,NA,NA,"Hauterivian","species","Springhill","stratigraphic comments:Ottone & Aguirre-Urreta (2000)have recently suggested an Early Hauterivian–Early Barremian age for the Estancia El Salitral outcrops through their invertebrate and  palynological analyses. | lithostratigraphic description:Regionally","Barremian",NA,NA,NA,NA,NA,NA,NA,NA,NA,NA,NA,NA,NA,NA
"Animalia","Museum National d'Histoire Naturelle, Paris","Animalia, Chordata, Vertebrata, Osteichthyes, Actinopterygii, Neopterygii, Acanthopterygii, Perciformes, Notothenioidei, Harpagiferidae",NA,"PreservedSpecimen",NA,-68.02,"Chordata","http://portal.vertnet.org/o/usnm/fishes?id=http-n2t-net-ark-65665-391c9e612-750a-4f5c-95b9-ece9342c6ea7",NA,NA,NA,"bispinis","National Museum of Natural History, Smithsonian Institution. NMNH Fishes. Record ID: http://n2t.net/ark:/65665/391c9e612-750a-4f5c-95b9-ece9342c6ea7. Source: http://collections.nmnh.si.edu/ipt/resource?r=nmnh_extant_dwc-a (source published on 2016-07-21)","Harpagiferidae",NA,"not recorded",NA,"Pacific, Chile",NA,NA,"0000 00 00 - 0000 00 00",NA,NA,"Fishes",NA,NA,NA,"USNM","Harpagifer bispinis","Actinopterygii",-55.53,"http://n2t.net/ark:/65665/391c9e612-750a-4f5c-95b9-ece9342c6ea7",NA,"CC0","Chile",NA,NA,NA,NA,NA,NA,"Harpagifer","Perciformes","42079",NA,NA,NA,NA,NA,NA,NA,NA,NA,NA,"Pacific: Chile, Baie Orange.",NA,"VertNet",NA,NA,NA,NA,NA,NA,NA,NA,1,NA,"Pacific",NA,NA,NA,NA,NA,NA,NA,"Degrees Minutes Seconds",NA,NA,NA,NA,NA,NA,NA,NA,NA,NA,NA,NA,NA,NA,NA,NA,NA,NA,NA,"06801 W","5532 S",NA,NA,NA,NA,NA,NA,NA,NA,NA,NA,NA,NA,NA,NA,NA,NA,NA,NA,NA,NA,NA,NA,NA,NA,NA,NA,NA,NA,NA,NA,NA,NA
"Animalia","C. C. Sanborn","Animalia Chordata Actinopterygii Perciformes Nototheniidae",NA,"PreservedSpecimen",2,-73.745244,"Chordata","http://portal.vertnet.org/o/fmnh/fishes?id=2f049f24-8d33-4cb5-9647-7147870670b1",1923,34,NA,NA,"Field Museum of Natural History. Field Museum of Natural History (Zoology) Fish Collection. Record ID: 2f049f24-8d33-4cb5-9647-7147870670b1. Source: http://fmipt.fieldmuseum.org:8080/ipt/resource.do?r=fmnh_fishes (source published on 2017-05-23)","Nototheniidae",NA,"not recorded",NA,"South America, Chile: Melinka, Ascunsion Island","https://www.fieldmuseum.org/field-museum-natural-history-conditions-and-suggested-norms-use-collections-data-and-images",NA,NA,3,NA,"Fishes",NA,NA,NA,"FMNH","Nototheniidae","Actinopterygii",-43.896964,"2f049f24-8d33-4cb5-9647-7147870670b1","en","https://creativecommons.org/publicdomain/zero/1.0/","Chile",NA,"2015-3-6T20:22:32.000CMT","1923-02-03",NA,"ICZN","South America","Nototheniidae","Perciformes","43964",34,NA,"http://biocol.org/urn:lsid:biocol.org:col:34795",NA,NA,NA,NA,NA,"CCS1923-1",NA,"Melinka, Ascunsion Island","http://grbio.org/cool/zdsi-36ka","VertNet",NA,NA,NA,NA,NA,NA,NA,NA,4,NA,NA,NA,NA,NA,NA,NA,NA,NA,NA,NA,NA,NA,"FMNH",NA,"The Field Museum of Natural History",NA,NA,NA,NA,NA,NA,NA,NA,623077,"fishes-05-feb-2018",NA,NA,NA,NA,NA,NA,NA,NA,NA,NA,NA,NA,NA,NA,NA,NA,NA,NA,NA,NA,NA,NA,NA,NA,NA,NA,NA,NA,NA,NA,NA,NA,NA,NA,NA,NA,NA
"Animalia","USNS Eltanin",NA,NA,"PreservedSpecimen",2,-70.7833333,"Chordata","http://portal.vertnet.org/o/lacm/fish?id=aeac88df-07d4-4283-aa88-3c42f3270eca",1964,46,"family",NA,"Natural History Museum of Los Angeles County. LACM Vertebrate Collection. Record ID: AEAC88DF-07D4-4283-AA88-3C42F3270ECA. Source: http://ipt.vertnet.org:8080/ipt/resource.do?r=lacm_verts (source published on 2019-10-03)","Clupeidae","CL","not recorded (forced WGS84)",NA,"Southeastern Pacific | Chile | - | - |  |  |  |","http://vertnet.org/resources/norms.html","Southeastern Pacific | Chile | - | - | Straits of Magellan","2/15/1964",15,NA,"Fish","present",NA,NA,"LACM","Clupeidae","Actinopterygii",-53.4808333,"AEAC88DF-07D4-4283-AA88-3C42F3270ECA","en","https://creativecommons.org/publicdomain/zero/1.0","Chile","requires verification","2018-10-08","1964-02-15",NA,"ICZN","South America",NA,"Clupeiformes","57127-1",46,NA,"http://biocol.org/urn:lsid:biocol:org:34802",NA,NA,NA,NA,"originally: Formalin","Elt. 982",NA,"Straits of Magellan","http://biocol.org/urn:lsid:biocol:org:34804","VertNet",NA,NA,"Estimated from Google Maps",NA,NA,NA,NA,NA,5,"{""length"":""56-86"",""time collected"":""AM"",""vessel"":""USNS Eltanin"" }","South Pacific Ocean","Lat Long estimated. Engine Room water strainer.","Engine Room water strainer",NA,NA,NA,NA,NA,NA,NA,NA,NA,NA,NA,NA,NA,NA,NA,NA,NA,NA,NA,NA,NA,NA,NA,NA,NA,NA,NA,NA,NA,NA,NA,NA,NA,NA,NA,NA,NA,NA,NA,NA,NA,NA,NA,NA,NA,NA,NA,NA,NA,NA,NA,NA,NA,NA,NA,NA,NA,NA,NA
"Animalia","Stinnesbeck et al.","Chordata | Actinopteri | Pycnodontiformes | Pycnodontidae | Gyrodus","Ultima Esperanza","FossilSpecimen",NA,-73.280556,"Chordata","http://portal.vertnet.org/o/pbdb/164882?id=pbdb-occ-1249001",NA,NA,"genus",NA,"Paleobiology Database. Paleobiology Database Chordates. Record ID: pbdb:occ:1249001. Source: http://ipt.vertnet.org:8080/ipt/resource.do?r=pbdb_paleo (source published on 2017-11-05)","Pycnodontidae","CL","not recorded (forced WGS84)",NA,"| CL | Ultima Esperanza |  |  |  |  |","http://vertnet.org/resources/norms.html","CL | Ultima Esperanza",NA,NA,NA,"164882","present",NA,0.0002778,"PBDB","Gyrodus Agassiz 1843","Actinopterygii",-51.138889,"pbdb:occ:1249001","en","http://creativecommons.org/licenses/by-nc/4.0","Chile","requires verification","10/30/2017",NA,NA,"ICZN","South America","Gyrodus","Pycnodontiformes",NA,NA,NA,NA,NA,NA,NA,NA,NA,NA,NA,"The study area is located in Torres del Paine National Park, Ultima Esperanza Province of southern Chile, along the eastern rim of the Tyndall Glacier (51°820S, 73°1650W), a lobe of the South Patagonian inland ice shield","164882","VertNet","Agassiz 1843",NA,"stated in text",NA,"W. Stinnesbeck, E. Frey, and L. Rivas, J. P. Pérez, M. L. Cartes, C. S. Soto, P. Z. Lobos. 2014. A Lower Cretaceous ichthyosaur graveyard in deep marine slope channel deposits at Torres del Paine National Park, southern Chile. Geological Society of America Bulletin",NA,NA,NA,NA,"{""geogscale"":""small collection"" }",NA,"Ichthyosaur remains are mostly exposed in polished sections due to the glacier abrasion but are principally preserved in three dimensions. Due to the exceedingly hard matrix, an extraction was extremely difficult and only achieved for five specimens. Therefore, most data were collected in the field. The outlines of bones exposed on the surface were traced 1:1 on transparent foil. The data set comprises field number, GPS value, biometric data, the directions of skull and belly, and taphonomic or anatomic specialties if present. In addition, photos were taken of each specimen, especially of diagnostic body areas, i.e., fins and skull. For extraction we used a high-performance diamond disc mounted on a fuel-driven rock cutter, and complemented the extraction with a pneumatic hammer drill, placing lines of bore holes under the specimens and then removing the sediment between them with hammer and chisel. Mechanical preparation with air abrasive and hand tools was initiated at the laboratory of Heidelberg University, Germany, but was impossible due to the exceedingly hard sediment and relatively soft bone. Chemical preparation of these specimens with acetic acid was not possible due to paucity of carbonate in the matrix.","taxonomic; selective quarrying,mechanical",NA,NA,NA,NA,NA,NA,NA,NA,NA,NA,NA,NA,NA,NA,NA,"Gyrodus sp. | Gyrodus Agassiz 1843",NA,NA,NA,NA,NA,NA,NA,NA,NA,"-73.280556","-51.138889",NA,NA,NA,NA,NA,NA,2014,NA,NA,NA,NA,"sp.",NA,"Valanginian","genus","Zapata","stratigraphic scale:group of beds | lithostratigraphic description:The ichthyosaur-bearing unit of the Zapata Formation is ~80 m thick and consists of thin to medium-bedded sandstone alternating with siltstone and claystone (mudstone). CaCO3 contents are","Hauterivian",NA,NA,NA,NA,NA,NA,NA,NA,NA,NA,NA,NA,NA,NA
"Animalia","H. Fehlmann","Animalia, Chordata, Vertebrata, Osteichthyes, Actinopterygii, Neopterygii, Acanthopterygii, Scorpaeniformes, Cottoidei, Psychrolutidae",NA,"PreservedSpecimen",4,-70.9217,"Chordata","http://portal.vertnet.org/o/usnm/fishes?id=http-n2t-net-ark-65665-3014a62ae-120e-48c2-a710-335902668522",1970,NA,NA,NA,"National Museum of Natural History, Smithsonian Institution. NMNH Fishes. Record ID: http://n2t.net/ark:/65665/3014a62ae-120e-48c2-a710-335902668522. Source: http://collections.nmnh.si.edu/ipt/resource?r=nmnh_extant_dwc-a (source published on 2016-07-21)","Psychrolutidae",NA,"not recorded",NA,"Pacific, Chile",NA,NA,"1970 Apr 26 - 0000 00 00",26,NA,"Fishes",NA,NA,NA,"USNM","Psychrolutidae","Actinopterygii",-53.6517,"http://n2t.net/ark:/65665/3014a62ae-120e-48c2-a710-335902668522",NA,"CC0","Chile",NA,NA,NA,NA,NA,NA,NA,"Scorpaeniformes","403931",NA,NA,NA,NA,NA,NA,NA,NA,NA,NA,NA,NA,"VertNet",NA,NA,NA,NA,NA,NA,NA,NA,1,NA,"Pacific",NA,NA,NA,NA,55,27,NA,"Degrees Minutes Seconds",NA,NA,NA,NA,NA,NA,NA,NA,NA,NA,NA,NA,NA,"471",NA,NA,NA,NA,NA,"0705518W","533906S",NA,NA,NA,NA,NA,NA,NA,NA,NA,NA,NA,NA,NA,NA,NA,NA,NA,NA,NA,NA,NA,NA,NA,NA,NA,NA,NA,NA,NA,NA,NA,NA
"Animalia","M. Lobell","Animalia, Chordata, Vertebrata, Osteichthyes, Actinopterygii, Neopterygii, Acanthopterygii, Scorpaeniformes, Sebastidae, Sebastinae",NA,"PreservedSpecimen",1,-73.1,"Chordata","http://portal.vertnet.org/o/usnm/fishes?id=http-n2t-net-ark-65665-30e3464b5-729d-4434-a217-3becf83a0853",1945,NA,NA,NA,"National Museum of Natural History, Smithsonian Institution. NMNH Fishes. Record ID: http://n2t.net/ark:/65665/30e3464b5-729d-4434-a217-3becf83a0853. Source: http://collections.nmnh.si.edu/ipt/resource?r=nmnh_extant_dwc-a (source published on 2016-07-21)","Sebastidae",NA,"not recorded",NA,"Pacific, Chile",NA,NA,"1945 Jan 20 - 0000 00 00",20,NA,"Fishes",NA,NA,NA,"USNM","Helicolenus","Actinopterygii",-41.9,"http://n2t.net/ark:/65665/30e3464b5-729d-4434-a217-3becf83a0853",NA,"CC0","Chile",NA,NA,NA,"Eschmeyer, William N.",NA,NA,"Helicolenus","Scorpaeniformes","176519",NA,NA,NA,NA,NA,NA,NA,NA,NA,NA,"Chile: Bahia Lin",NA,"VertNet",NA,NA,NA,NA,NA,NA,NA,NA,1,NA,"Pacific",NA,NA,NA,NA,NA,NA,NA,"Degrees Minutes Seconds",NA,NA,NA,NA,NA,NA,NA,NA,NA,NA,NA,NA,NA,NA,NA,NA,NA,NA,NA,"07306 W","4154 S",NA,NA,NA,NA,NA,NA,NA,NA,NA,NA,NA,NA,NA,NA,NA,NA,NA,NA,NA,NA,NA,NA,NA,NA,NA,NA,NA,NA,NA,NA,NA,NA
"Animalia","H. Fehlmann","Animalia, Chordata, Vertebrata, Osteichthyes, Actinopterygii, Neopterygii, Acanthopterygii, Perciformes, Notothenioidei, Nototheniidae",NA,"PreservedSpecimen",4,-70.8425,"Chordata","http://portal.vertnet.org/o/usnm/fishes?id=http-n2t-net-ark-65665-31f1d998e-cc38-4de8-a17f-2ce595a7848f",1969,NA,NA,NA,"National Museum of Natural History, Smithsonian Institution. NMNH Fishes. Record ID: http://n2t.net/ark:/65665/31f1d998e-cc38-4de8-a17f-2ce595a7848f. Source: http://collections.nmnh.si.edu/ipt/resource?r=nmnh_extant_dwc-a (source published on 2016-07-21)","Nototheniidae",NA,"not recorded",NA,"Pacific, Chile",NA,NA,"1969 Apr 24 - 0000 00 00",24,NA,"Fishes",NA,NA,NA,"USNM","Patagonotothen","Actinopterygii",-53.5133,"http://n2t.net/ark:/65665/31f1d998e-cc38-4de8-a17f-2ce595a7848f",NA,"CC0","Chile",NA,NA,NA,NA,NA,NA,"Patagonotothen","Perciformes","369880",NA,NA,NA,NA,NA,NA,NA,NA,NA,NA,"Punta Sta. Ana, Peninsula De Brunswick, Chile.",NA,"VertNet",NA,NA,NA,NA,NA,NA,NA,NA,2,NA,"Pacific","Former umo collection.",NA,NA,NA,NA,NA,NA,"Degrees Minutes Seconds",NA,NA,NA,NA,NA,NA,NA,NA,NA,NA,NA,NA,NA,"69-11",NA,NA,NA,NA,NA,"0705033W","533048S",NA,NA,NA,NA,NA,NA,NA,NA,NA,NA,NA,NA,NA,NA,NA,NA,NA,NA,NA,NA,NA,NA,NA,NA,NA,NA,NA,NA,NA,NA,NA,NA
"Animalia","M. Lobell","Animalia, Chordata, Vertebrata, Osteichthyes, Actinopterygii, Neopterygii, Acanthopterygii, Atheriniformes, Atherinopsidae, Atherinopsinae",NA,"PreservedSpecimen",1,-72.77,"Chordata","http://portal.vertnet.org/o/usnm/fishes?id=http-n2t-net-ark-65665-321061804-36be-4b57-905e-7475226b6fa1",1945,NA,NA,NA,"National Museum of Natural History, Smithsonian Institution. NMNH Fishes. Record ID: http://n2t.net/ark:/65665/321061804-36be-4b57-905e-7475226b6fa1. Source: http://collections.nmnh.si.edu/ipt/resource?r=nmnh_extant_dwc-a (source published on 2016-07-21)","Atherinopsidae",NA,"not recorded",NA,"Pacific, Chile",NA,NA,"1945 Jan 20 - 0000 00 00",20,NA,"Fishes",NA,NA,NA,"USNM","Odontesthes","Actinopterygii",-42.48,"http://n2t.net/ark:/65665/321061804-36be-4b57-905e-7475226b6fa1",NA,"CC0","Chile",NA,NA,NA,NA,NA,NA,"Odontesthes","Atheriniformes","176559",NA,NA,NA,NA,NA,NA,NA,NA,"U 42 358",NA,"Chile: Castro",NA,"VertNet",NA,NA,NA,NA,NA,NA,NA,NA,88,NA,"Pacific",NA,NA,NA,NA,NA,NA,NA,"Degrees Minutes Seconds",NA,NA,NA,NA,NA,NA,NA,NA,NA,NA,NA,NA,NA,NA,NA,NA,NA,NA,NA,"07246 W","4229 S",NA,NA,NA,NA,NA,NA,NA,NA,NA,NA,NA,NA,NA,NA,NA,NA,NA,NA,NA,NA,NA,NA,NA,NA,NA,NA,NA,NA,NA,NA,NA,NA
"Animalia","M. Lobell","Animalia, Chordata, Vertebrata, Osteichthyes, Actinopterygii, Neopterygii, Acanthopterygii, Pleuronectiformes, Pleuronectoidei, Paralichthyidae",NA,"PreservedSpecimen",1,-72.97,"Chordata","http://portal.vertnet.org/o/usnm/fishes?id=http-n2t-net-ark-65665-3449eaaf4-c2a4-44b7-b052-b72f19afbda6",1945,NA,NA,NA,"National Museum of Natural History, Smithsonian Institution. NMNH Fishes. Record ID: http://n2t.net/ark:/65665/3449eaaf4-c2a4-44b7-b052-b72f19afbda6. Source: http://collections.nmnh.si.edu/ipt/resource?r=nmnh_extant_dwc-a (source published on 2016-07-21)","Paralichthyidae",NA,"not recorded",NA,"Pacific, Chile",NA,NA,"1945 Jan 18 - 0000 00 00",18,NA,"Fishes",NA,NA,NA,"USNM","Paralichthys","Actinopterygii",-41.5,"http://n2t.net/ark:/65665/3449eaaf4-c2a4-44b7-b052-b72f19afbda6",NA,"CC0","Chile",NA,NA,NA,NA,NA,NA,"Paralichthys","Pleuronectiformes","176467",NA,NA,NA,NA,NA,NA,NA,NA,"U-42-326",NA,"Chile: Puerto Montt + Canal Tenglo",NA,"VertNet",NA,NA,NA,NA,NA,NA,NA,NA,1,NA,"Pacific",NA,NA,NA,NA,NA,NA,NA,"Degrees Minutes Seconds",NA,NA,NA,NA,NA,NA,NA,NA,NA,NA,NA,NA,NA,NA,NA,NA,NA,NA,NA,"07258 W","4130 S",NA,NA,NA,NA,NA,NA,NA,NA,NA,NA,NA,NA,NA,NA,NA,NA,NA,NA,NA,NA,NA,NA,NA,NA,NA,NA,NA,NA,NA,NA,NA,NA
"Animalia","H. Fehlmann","Animalia, Chordata, Vertebrata, Osteichthyes, Actinopterygii, Neopterygii, Acanthopterygii, Perciformes, Notothenioidei, Nototheniidae",NA,"PreservedSpecimen",4,-70.9217,"Chordata","http://portal.vertnet.org/o/usnm/fishes?id=http-n2t-net-ark-65665-35115b7c7-5e33-45e3-9e77-31660ee56b8d",1970,NA,NA,NA,"National Museum of Natural History, Smithsonian Institution. NMNH Fishes. Record ID: http://n2t.net/ark:/65665/35115b7c7-5e33-45e3-9e77-31660ee56b8d. Source: http://collections.nmnh.si.edu/ipt/resource?r=nmnh_extant_dwc-a (source published on 2016-07-21)","Nototheniidae",NA,"not recorded",NA,"Pacific, Chile",NA,NA,"1970 Apr 26 - 0000 00 00",26,NA,"Fishes",NA,NA,NA,"USNM","Patagonotothen","Actinopterygii",-53.6517,"http://n2t.net/ark:/65665/35115b7c7-5e33-45e3-9e77-31660ee56b8d",NA,"CC0","Chile",NA,NA,NA,NA,NA,NA,"Patagonotothen","Perciformes","369179",NA,NA,NA,NA,NA,NA,NA,NA,NA,NA,NA,NA,"VertNet",NA,NA,NA,NA,NA,NA,NA,NA,1,NA,"Pacific","Former umo collection.",NA,NA,NA,55,27,NA,"Degrees Minutes Seconds",NA,NA,NA,NA,NA,NA,NA,NA,NA,NA,NA,NA,NA,"471",NA,NA,NA,NA,NA,"0705518W","533906S",NA,NA,NA,NA,NA,NA,NA,NA,NA,NA,NA,NA,NA,NA,NA,NA,NA,NA,NA,NA,NA,NA,NA,NA,NA,NA,NA,NA,NA,NA,NA,NA
"Animalia","H. Fehlmann","Animalia, Chordata, Vertebrata, Osteichthyes, Actinopterygii, Neopterygii, Acanthopterygii, Perciformes, Notothenioidei, Nototheniidae",NA,"PreservedSpecimen",4,-70.8425,"Chordata","http://portal.vertnet.org/o/usnm/fishes?id=http-n2t-net-ark-65665-352ce6745-cc5d-433d-933b-630df17ab3a5",1969,NA,NA,NA,"National Museum of Natural History, Smithsonian Institution. NMNH Fishes. Record ID: http://n2t.net/ark:/65665/352ce6745-cc5d-433d-933b-630df17ab3a5. Source: http://collections.nmnh.si.edu/ipt/resource?r=nmnh_extant_dwc-a (source published on 2016-07-21)","Nototheniidae",NA,"not recorded",NA,"Pacific, Chile",NA,NA,"1969 Apr 24 - 0000 00 00",24,NA,"Fishes",NA,NA,NA,"USNM","Patagonotothen","Actinopterygii",-53.5133,"http://n2t.net/ark:/65665/352ce6745-cc5d-433d-933b-630df17ab3a5",NA,"CC0","Chile",NA,NA,NA,NA,NA,NA,"Patagonotothen","Perciformes","370793",NA,NA,NA,NA,NA,NA,NA,NA,NA,NA,"Punta Sta. Ana, Peninsula De Brunswick, Chile.",NA,"VertNet",NA,NA,NA,NA,NA,NA,NA,NA,5,NA,"Pacific",NA,NA,NA,NA,NA,NA,NA,"Degrees Minutes Seconds",NA,NA,NA,NA,NA,NA,NA,NA,NA,NA,NA,NA,NA,"69-11",NA,NA,NA,NA,NA,"0705033W","533048S",NA,NA,NA,NA,NA,NA,NA,NA,NA,NA,NA,NA,NA,NA,NA,NA,NA,NA,NA,NA,NA,NA,NA,NA,NA,NA,NA,NA,NA,NA,NA,NA
"Animalia","H. Fehlmann","Animalia, Chordata, Vertebrata, Osteichthyes, Actinopterygii, Neopterygii, Acanthopterygii, Perciformes, Notothenioidei, Nototheniidae",NA,"PreservedSpecimen",5,-70.45,"Chordata","http://portal.vertnet.org/o/usnm/fishes?id=http-n2t-net-ark-65665-35a254e5c-dcba-4522-b686-0f735ec57b51",1969,NA,NA,NA,"National Museum of Natural History, Smithsonian Institution. NMNH Fishes. Record ID: http://n2t.net/ark:/65665/35a254e5c-dcba-4522-b686-0f735ec57b51. Source: http://collections.nmnh.si.edu/ipt/resource?r=nmnh_extant_dwc-a (source published on 2016-07-21)","Nototheniidae",NA,"not recorded",NA,"South America, Chile",NA,NA,"1969 May 13 - 0000 00 00",13,NA,"Fishes",NA,NA,NA,"USNM","Nototheniidae","Actinopterygii",-53.8389,"http://n2t.net/ark:/65665/35a254e5c-dcba-4522-b686-0f735ec57b51",NA,"CC0","Chile",NA,NA,NA,NA,NA,"South America",NA,"Perciformes","370735",NA,NA,NA,NA,NA,NA,NA,NA,"69-20",NA,"Creek Near Chilean Naval Outpost, NNW of Harriss Bay, East Coast of Dawson Island, Chile.",NA,"VertNet",NA,NA,NA,NA,NA,NA,NA,NA,3,NA,NA,NA,NA,NA,NA,NA,NA,NA,"Degrees Minutes Seconds",NA,NA,NA,NA,NA,NA,NA,NA,NA,NA,NA,NA,NA,NA,NA,NA,NA,NA,NA,"07027 W","535020S",NA,NA,NA,NA,NA,NA,NA,NA,NA,NA,NA,NA,NA,NA,NA,NA,NA,NA,NA,NA,NA,NA,NA,NA,NA,NA,NA,NA,NA,NA,NA,NA
"Animalia","E. Menez & Shinn","Animalia, Chordata, Vertebrata, Osteichthyes, Actinopterygii, Neopterygii, Protacanthopterygii, Osmeriformes, Osmeroidei, Galaxiidae",NA,"PreservedSpecimen",5,-69.3183,"Chordata","http://portal.vertnet.org/o/usnm/fishes?id=http-n2t-net-ark-65665-360d8aa28-6917-4968-9d21-d9555c637d8f",1971,NA,NA,NA,"National Museum of Natural History, Smithsonian Institution. NMNH Fishes. Record ID: http://n2t.net/ark:/65665/360d8aa28-6917-4968-9d21-d9555c637d8f. Source: http://collections.nmnh.si.edu/ipt/resource?r=nmnh_extant_dwc-a (source published on 2016-07-21)","Galaxiidae",NA,"not recorded",NA,"Atlantic, Argentina",NA,NA,"1971 May 05 - 0000 00 00",5,NA,"Fishes",NA,NA,NA,"USNM","Galaxiidae","Actinopterygii",-54.7875,"http://n2t.net/ark:/65665/360d8aa28-6917-4968-9d21-d9555c637d8f",NA,"CC0","Argentina",NA,NA,NA,NA,NA,NA,NA,"Osmeriformes","340197",NA,NA,NA,NA,NA,NA,NA,"Glycerin with Cartilage Stain",NA,NA,"Puerto Celular, Bahia York, Isla De Los Estados, Argentina",NA,"VertNet",NA,NA,NA,NA,NA,NA,NA,NA,118,NA,"Atlantic",NA,NA,NA,NA,3,3,NA,"Degrees Minutes Seconds",NA,NA,NA,NA,NA,NA,NA,NA,NA,NA,NA,NA,NA,"71-2-23",NA,NA,NA,NA,NA,"0691906W","544715S",NA,NA,NA,NA,NA,NA,NA,NA,NA,NA,NA,NA,NA,NA,NA,NA,NA,NA,NA,NA,NA,NA,NA,NA,NA,NA,NA,NA,NA,NA,NA,NA
"Animalia","M. Lobell","Animalia, Chordata, Vertebrata, Osteichthyes, Actinopterygii, Neopterygii, Acanthopterygii, Scorpaeniformes, Sebastidae, Sebastinae",NA,"PreservedSpecimen",2,-73.88,"Chordata","http://portal.vertnet.org/o/usnm/fishes?id=http-n2t-net-ark-65665-36216d343-6d1a-4dee-b242-875a75caddfd",1945,NA,NA,NA,"National Museum of Natural History, Smithsonian Institution. NMNH Fishes. Record ID: http://n2t.net/ark:/65665/36216d343-6d1a-4dee-b242-875a75caddfd. Source: http://collections.nmnh.si.edu/ipt/resource?r=nmnh_extant_dwc-a (source published on 2016-07-21)","Sebastidae",NA,"not recorded",NA,"Pacific, Chile",NA,NA,"1945 Feb 07 - 0000 00 00",7,NA,"Fishes",NA,NA,NA,"USNM","Sebastes","Actinopterygii",-41.87,"http://n2t.net/ark:/65665/36216d343-6d1a-4dee-b242-875a75caddfd",NA,"CC0","Chile",NA,NA,NA,NA,NA,NA,"Sebastes","Scorpaeniformes","176520",NA,NA,NA,NA,NA,NA,NA,NA,"U-42-407",NA,"Ancud, Chiloe I., Golfo de Quetalmaue, Pullingua.",NA,"VertNet",NA,NA,NA,NA,NA,NA,NA,NA,2,NA,"Pacific",NA,NA,NA,NA,NA,NA,NA,"Degrees Minutes Seconds",NA,NA,NA,NA,NA,NA,NA,NA,NA,NA,NA,NA,NA,NA,NA,NA,NA,NA,NA,"07353 W","4152 S",NA,NA,NA,NA,NA,NA,NA,NA,NA,NA,NA,NA,NA,NA,NA,NA,NA,NA,NA,NA,NA,NA,NA,NA,NA,NA,NA,NA,NA,NA,NA,NA
"Animalia","M. Lobell","Animalia, Chordata, Vertebrata, Osteichthyes, Actinopterygii, Neopterygii, Acanthopterygii, Scorpaeniformes, Sebastidae, Sebastinae",NA,"PreservedSpecimen",2,-73.77,"Chordata","http://portal.vertnet.org/o/usnm/fishes?id=http-n2t-net-ark-65665-3674526a6-5e0c-4921-8a6d-8aa3f2024140",1945,NA,NA,NA,"National Museum of Natural History, Smithsonian Institution. NMNH Fishes. Record ID: http://n2t.net/ark:/65665/3674526a6-5e0c-4921-8a6d-8aa3f2024140. Source: http://collections.nmnh.si.edu/ipt/resource?r=nmnh_extant_dwc-a (source published on 2016-07-21)","Sebastidae",NA,"not recorded",NA,"Pacific, Chile",NA,NA,"1945 Feb 04 - 0000 00 00",4,NA,"Fishes",NA,NA,NA,"USNM","Sebastes","Actinopterygii",-42.625,"http://n2t.net/ark:/65665/3674526a6-5e0c-4921-8a6d-8aa3f2024140",NA,"CC0","Chile",NA,NA,NA,NA,NA,NA,"Sebastes","Scorpaeniformes","176442",NA,NA,NA,NA,NA,NA,NA,NA,"U-42-402",NA,"Chile, Chonchi, Chiloe Is.",NA,"VertNet",NA,NA,NA,NA,NA,NA,NA,NA,2,NA,"Pacific",NA,NA,NA,NA,NA,NA,NA,"Degrees Minutes Seconds",NA,NA,NA,NA,NA,NA,NA,NA,NA,NA,NA,NA,NA,NA,NA,NA,NA,NA,NA,"07346 W","423730S",NA,NA,NA,NA,NA,NA,NA,NA,NA,NA,NA,NA,NA,NA,NA,NA,NA,NA,NA,NA,NA,NA,NA,NA,NA,NA,NA,NA,NA,NA,NA,NA
"Animalia","H. Fehlmann","Animalia, Chordata, Vertebrata, Osteichthyes, Actinopterygii, Neopterygii, Acanthopterygii, Scorpaeniformes, Cottoidei, Agonidae",NA,"PreservedSpecimen",4,-70.925,"Chordata","http://portal.vertnet.org/o/usnm/fishes?id=http-n2t-net-ark-65665-36745a2ab-e43e-48c2-9339-80791b8467d9",1970,NA,NA,NA,"National Museum of Natural History, Smithsonian Institution. NMNH Fishes. Record ID: http://n2t.net/ark:/65665/36745a2ab-e43e-48c2-9339-80791b8467d9. Source: http://collections.nmnh.si.edu/ipt/resource?r=nmnh_extant_dwc-a (source published on 2016-07-21)","Agonidae",NA,"not recorded",NA,"Atlantic, Argentina",NA,NA,"1970 Apr 25 - 0000 00 00",25,NA,"Fishes",NA,NA,NA,"USNM","Agonidae","Actinopterygii",-53.65,"http://n2t.net/ark:/65665/36745a2ab-e43e-48c2-9339-80791b8467d9",NA,"CC0","Argentina",NA,NA,NA,NA,NA,NA,NA,"Scorpaeniformes","422711",NA,NA,NA,NA,NA,NA,NA,NA,NA,NA,NA,NA,"VertNet",NA,NA,NA,NA,NA,NA,NA,NA,1,NA,"Atlantic",NA,NA,NA,NA,20,20,NA,"Degrees Minutes Seconds",NA,NA,NA,NA,NA,NA,NA,NA,NA,NA,NA,NA,NA,"466",NA,NA,NA,NA,NA,"0705530W","5339 S",NA,NA,NA,NA,NA,NA,NA,NA,NA,NA,NA,NA,NA,NA,NA,NA,NA,NA,NA,NA,NA,NA,NA,NA,NA,NA,NA,NA,NA,NA,NA,NA
"Animalia","M. Lobell","Animalia, Chordata, Vertebrata, Osteichthyes, Actinopterygii, Neopterygii, Acanthopterygii, Scorpaeniformes, Sebastidae, Sebastinae",NA,"PreservedSpecimen",1,-72.83,"Chordata","http://portal.vertnet.org/o/usnm/fishes?id=http-n2t-net-ark-65665-3828619e9-67e2-415b-a8f4-ee1f1c664b05",1945,NA,NA,NA,"National Museum of Natural History, Smithsonian Institution. NMNH Fishes. Record ID: http://n2t.net/ark:/65665/3828619e9-67e2-415b-a8f4-ee1f1c664b05. Source: http://collections.nmnh.si.edu/ipt/resource?r=nmnh_extant_dwc-a (source published on 2016-07-21)","Sebastidae",NA,"not recorded",NA,"Pacific, Chile",NA,NA,"1945 January 24",24,NA,"Fishes",NA,NA,NA,"USNM","Sebastes","Actinopterygii",-43.025,"http://n2t.net/ark:/65665/3828619e9-67e2-415b-a8f4-ee1f1c664b05",NA,"CC0","Chile",NA,NA,NA,"Eschmeyer, William N.",NA,NA,"Sebastes","Scorpaeniformes","176415",NA,NA,NA,NA,NA,NA,NA,NA,"U-42-373",NA,"Chile Puerto Auchemo",NA,"VertNet",NA,NA,NA,NA,NA,NA,NA,NA,2,NA,"Pacific",NA,NA,NA,NA,NA,NA,NA,"Degrees Minutes Seconds",NA,NA,NA,NA,NA,NA,NA,NA,NA,NA,NA,NA,NA,NA,NA,NA,NA,NA,NA,"07250 W","430130S",NA,NA,NA,NA,NA,NA,NA,NA,NA,NA,NA,NA,NA,NA,NA,NA,NA,NA,NA,NA,NA,NA,NA,NA,NA,NA,NA,NA,NA,NA,NA,NA
"Animalia",NA,"Animalia, Chordata, Vertebrata, Osteichthyes, Actinopterygii, Neopterygii, Acanthopterygii, Perciformes, Notothenioidei, Nototheniidae",NA,"PreservedSpecimen",4,-70.8425,"Chordata","http://portal.vertnet.org/o/usnm/fishes?id=http-n2t-net-ark-65665-392eecb71-b1be-4815-9b68-3c1a4179ee4e",1969,NA,NA,NA,"National Museum of Natural History, Smithsonian Institution. NMNH Fishes. Record ID: http://n2t.net/ark:/65665/392eecb71-b1be-4815-9b68-3c1a4179ee4e. Source: http://collections.nmnh.si.edu/ipt/resource?r=nmnh_extant_dwc-a (source published on 2016-07-21)","Nototheniidae",NA,"not recorded",NA,"Pacific, Chile",NA,NA,"1969 Apr 16 - 0000 00 00",16,NA,"Fishes",NA,NA,NA,"USNM","Patagonotothen","Actinopterygii",-53.5133,"http://n2t.net/ark:/65665/392eecb71-b1be-4815-9b68-3c1a4179ee4e",NA,"CC0","Chile",NA,NA,NA,NA,NA,NA,"Patagonotothen","Perciformes","369180",NA,NA,NA,NA,NA,NA,NA,NA,NA,NA,"At Punta Sta. Ana Peninsula De Brunswick, Chile From High Sub-Tidal.",NA,"VertNet",NA,NA,NA,NA,NA,NA,NA,NA,6,NA,"Pacific","Former umo collection.",NA,NA,NA,1,0,NA,"Degrees Minutes Seconds",NA,NA,NA,NA,NA,NA,NA,NA,NA,NA,NA,NA,NA,"69-6A",NA,NA,NA,NA,NA,"0705033W","533048S",NA,NA,NA,NA,NA,NA,NA,NA,NA,NA,NA,NA,NA,NA,NA,NA,NA,NA,NA,NA,NA,NA,NA,NA,NA,NA,NA,NA,NA,NA,NA,NA
"Animalia","H. Fehlmann","Animalia, Chordata, Vertebrata, Osteichthyes, Actinopterygii, Neopterygii, Acanthopterygii, Perciformes, Notothenioidei, Nototheniidae",NA,"PreservedSpecimen",4,-70.9183,"Chordata","http://portal.vertnet.org/o/usnm/fishes?id=http-n2t-net-ark-65665-39322524b-4963-47cc-a23f-ec25bda2a872",1970,NA,NA,NA,"National Museum of Natural History, Smithsonian Institution. NMNH Fishes. Record ID: http://n2t.net/ark:/65665/39322524b-4963-47cc-a23f-ec25bda2a872. Source: http://collections.nmnh.si.edu/ipt/resource?r=nmnh_extant_dwc-a (source published on 2016-07-21)","Nototheniidae",NA,"not recorded",NA,"Pacific, Chile",NA,NA,"1970 Apr 26 - 0000 00 00",26,NA,"Fishes",NA,NA,NA,"USNM","Patagonotothen","Actinopterygii",-53.6567,"http://n2t.net/ark:/65665/39322524b-4963-47cc-a23f-ec25bda2a872",NA,"CC0","Chile",NA,NA,NA,NA,NA,NA,"Patagonotothen","Perciformes","369176",NA,NA,NA,NA,NA,NA,NA,NA,NA,NA,NA,NA,"VertNet",NA,NA,NA,NA,NA,NA,NA,NA,1,NA,"Pacific","Former umo collection.",NA,NA,NA,27,18,NA,"Degrees Minutes Seconds",NA,NA,NA,NA,NA,NA,NA,NA,NA,NA,NA,NA,NA,"476",NA,NA,NA,NA,NA,"0705506W","533924S",NA,NA,NA,NA,NA,NA,NA,NA,NA,NA,NA,NA,NA,NA,NA,NA,NA,NA,NA,NA,NA,NA,NA,NA,NA,NA,NA,NA,NA,NA,NA,NA
"Animalia","H. Fehlmann","Animalia, Chordata, Vertebrata, Osteichthyes, Actinopterygii, Neopterygii, Acanthopterygii, Perciformes, Notothenioidei, Nototheniidae",NA,"PreservedSpecimen",4,-70.9183,"Chordata","http://portal.vertnet.org/o/usnm/fishes?id=http-n2t-net-ark-65665-3953a9498-63ec-46b6-a794-bde81a20ef07",1970,NA,NA,NA,"National Museum of Natural History, Smithsonian Institution. NMNH Fishes. Record ID: http://n2t.net/ark:/65665/3953a9498-63ec-46b6-a794-bde81a20ef07. Source: http://collections.nmnh.si.edu/ipt/resource?r=nmnh_extant_dwc-a (source published on 2016-07-21)","Nototheniidae",NA,"not recorded",NA,"Pacific, Chile",NA,NA,"1970 Apr 26 - 0000 00 00",26,NA,"Fishes",NA,NA,NA,"USNM","Patagonotothen","Actinopterygii",-53.6567,"http://n2t.net/ark:/65665/3953a9498-63ec-46b6-a794-bde81a20ef07",NA,"CC0","Chile",NA,NA,NA,NA,NA,NA,"Patagonotothen","Perciformes","369188",NA,NA,NA,NA,NA,NA,NA,NA,NA,NA,NA,NA,"VertNet",NA,NA,NA,NA,NA,NA,NA,NA,1,NA,"Pacific","Former umo collection.",NA,NA,NA,27,18,NA,"Degrees Minutes Seconds",NA,NA,NA,NA,NA,NA,NA,NA,NA,NA,NA,NA,NA,"476",NA,NA,NA,NA,NA,"0705506W","533924S",NA,NA,NA,NA,NA,NA,NA,NA,NA,NA,NA,NA,NA,NA,NA,NA,NA,NA,NA,NA,NA,NA,NA,NA,NA,NA,NA,NA,NA,NA,NA,NA
"Animalia",NA,"Animalia, Chordata, Vertebrata, Osteichthyes, Actinopterygii, Neopterygii, Acanthopterygii, Scorpaeniformes, Sebastidae, Sebastinae",NA,"PreservedSpecimen",5,-70.6583,"Chordata","http://portal.vertnet.org/o/usnm/fishes?id=http-n2t-net-ark-65665-399ccb0b2-a314-49f3-b8ac-80f6638d5b0e",1969,NA,NA,NA,"National Museum of Natural History, Smithsonian Institution. NMNH Fishes. Record ID: http://n2t.net/ark:/65665/399ccb0b2-a314-49f3-b8ac-80f6638d5b0e. Source: http://collections.nmnh.si.edu/ipt/resource?r=nmnh_extant_dwc-a (source published on 2016-07-21)","Sebastidae",NA,"not recorded",NA,"Atlantic, Chile",NA,NA,"1969 May 06 - 0000 00 00",6,NA,"Fishes",NA,NA,NA,"USNM","Sebastes","Actinopterygii",-53.0083,"http://n2t.net/ark:/65665/399ccb0b2-a314-49f3-b8ac-80f6638d5b0e",NA,"CC0","Chile",NA,NA,NA,NA,NA,NA,"Sebastes","Scorpaeniformes","372618",NA,NA,NA,NA,NA,NA,NA,NA,NA,NA,NA,NA,"VertNet",NA,NA,NA,NA,NA,NA,NA,NA,2,NA,"Atlantic",NA,NA,NA,NA,20,0,NA,"Degrees Minutes Seconds",NA,NA,NA,NA,NA,NA,NA,NA,NA,NA,NA,NA,NA,"18",NA,NA,NA,NA,NA,"0703930W","530030S",NA,NA,NA,NA,NA,NA,NA,NA,NA,NA,NA,NA,NA,NA,NA,NA,NA,NA,NA,NA,NA,NA,NA,NA,NA,NA,NA,NA,NA,NA,NA,NA
"Animalia","M. Lobell","Animalia, Chordata, Vertebrata, Osteichthyes, Actinopterygii, Neopterygii, Acanthopterygii, Pleuronectiformes, Pleuronectoidei, Paralichthyidae",NA,"PreservedSpecimen",1,-73.1,"Chordata","http://portal.vertnet.org/o/usnm/fishes?id=http-n2t-net-ark-65665-3d05c7272-1331-408a-a1f0-fe687de56a31",1945,NA,NA,NA,"National Museum of Natural History, Smithsonian Institution. NMNH Fishes. Record ID: http://n2t.net/ark:/65665/3d05c7272-1331-408a-a1f0-fe687de56a31. Source: http://collections.nmnh.si.edu/ipt/resource?r=nmnh_extant_dwc-a (source published on 2016-07-21)","Paralichthyidae",NA,"not recorded",NA,"Pacific, Chile",NA,NA,"1945 Jan 20 - 0000 00 00",20,NA,"Fishes",NA,NA,NA,"USNM","Paralichthys","Actinopterygii",-41.9,"http://n2t.net/ark:/65665/3d05c7272-1331-408a-a1f0-fe687de56a31",NA,"CC0","Chile",NA,NA,NA,NA,NA,NA,"Paralichthys","Pleuronectiformes","176514",NA,NA,NA,NA,NA,NA,NA,NA,"U-42-347; U-42-343; U-42-344",NA,"Chile: Bahia Lin",NA,"VertNet",NA,NA,NA,NA,NA,NA,NA,NA,1,NA,"Pacific",NA,NA,NA,NA,NA,NA,NA,"Degrees Minutes Seconds",NA,NA,NA,NA,NA,NA,NA,NA,NA,NA,NA,NA,NA,NA,NA,NA,NA,NA,NA,"07306 W","4154 S",NA,NA,NA,NA,NA,NA,NA,NA,NA,NA,NA,NA,NA,NA,NA,NA,NA,NA,NA,NA,NA,NA,NA,NA,NA,NA,NA,NA,NA,NA,NA,NA
"Animalia","M. Lobell","Animalia, Chordata, Vertebrata, Osteichthyes, Actinopterygii, Neopterygii, Acanthopterygii, Pleuronectiformes, Pleuronectoidei, Paralichthyidae",NA,"PreservedSpecimen",1,-72.77,"Chordata","http://portal.vertnet.org/o/usnm/fishes?id=http-n2t-net-ark-65665-3d98f23f5-7a2a-4616-b223-9c7127788991",1945,NA,NA,NA,"National Museum of Natural History, Smithsonian Institution. NMNH Fishes. Record ID: http://n2t.net/ark:/65665/3d98f23f5-7a2a-4616-b223-9c7127788991. Source: http://collections.nmnh.si.edu/ipt/resource?r=nmnh_extant_dwc-a (source published on 2016-07-21)","Paralichthyidae",NA,"not recorded",NA,"Pacific, Chile",NA,NA,"1945 Jan 20 - 0000 00 00",20,NA,"Fishes",NA,NA,NA,"USNM","Paralichthys","Actinopterygii",-42.48,"http://n2t.net/ark:/65665/3d98f23f5-7a2a-4616-b223-9c7127788991",NA,"CC0","Chile",NA,NA,NA,NA,NA,NA,"Paralichthys","Pleuronectiformes","176458",NA,NA,NA,NA,NA,NA,NA,"Unknown","U-42-350",NA,"Chile, Castro",NA,"VertNet",NA,NA,NA,NA,NA,NA,NA,NA,1,NA,"Pacific",NA,NA,NA,NA,NA,NA,NA,"Degrees Minutes Seconds",NA,NA,NA,NA,NA,NA,NA,NA,NA,NA,NA,NA,NA,NA,NA,NA,NA,NA,NA,"07246 W","4229 S",NA,NA,NA,NA,NA,NA,NA,NA,NA,NA,NA,NA,NA,NA,NA,NA,NA,NA,NA,NA,NA,NA,NA,NA,NA,NA,NA,NA,NA,NA,NA,NA
"Animalia","Fisherman","Animalia, Chordata, Vertebrata, Osteichthyes, Actinopterygii, Neopterygii, Acanthopterygii, Atheriniformes, Atherinopsidae, Atherinopsinae",NA,"PreservedSpecimen",2,-73.5,"Chordata","http://portal.vertnet.org/o/usnm/fishes?id=http-n2t-net-ark-65665-3db2cd0c0-540d-45c5-bf06-ed969c0984e8",1945,NA,NA,NA,"National Museum of Natural History, Smithsonian Institution. NMNH Fishes. Record ID: http://n2t.net/ark:/65665/3db2cd0c0-540d-45c5-bf06-ed969c0984e8. Source: http://collections.nmnh.si.edu/ipt/resource?r=nmnh_extant_dwc-a (source published on 2016-07-21)","Atherinopsidae",NA,"not recorded",NA,"Pacific, Chile",NA,NA,"1945 Feb 05 - 0000 00 00",5,NA,"Fishes",NA,NA,NA,"USNM","Odontesthes","Actinopterygii",-42.47,"http://n2t.net/ark:/65665/3db2cd0c0-540d-45c5-bf06-ed969c0984e8",NA,"CC0","Chile",NA,NA,NA,NA,NA,NA,"Odontesthes","Atheriniformes","176484",NA,NA,NA,NA,NA,NA,NA,NA,"U 42 404",NA,"Chile: Archao, Chiloe I., Chiloe Bay",NA,"VertNet",NA,NA,NA,NA,NA,NA,NA,NA,10,NA,"Pacific",NA,NA,NA,NA,NA,NA,NA,"Degrees Minutes Seconds",NA,NA,NA,NA,NA,NA,NA,NA,NA,NA,NA,NA,NA,NA,NA,NA,NA,NA,NA,"07330 W","4228 S",NA,NA,NA,NA,NA,NA,NA,NA,NA,NA,NA,NA,NA,NA,NA,NA,NA,NA,NA,NA,NA,NA,NA,NA,NA,NA,NA,NA,NA,NA,NA,NA
"Animalia","H. Fehlmann","Animalia, Chordata, Vertebrata, Osteichthyes, Actinopterygii, Neopterygii, Acanthopterygii, Perciformes, Notothenioidei, Nototheniidae",NA,"PreservedSpecimen",4,-70.9183,"Chordata","http://portal.vertnet.org/o/usnm/fishes?id=http-n2t-net-ark-65665-3de3a3b9a-fd58-4ee4-950f-0420c52c5027",1970,NA,NA,NA,"National Museum of Natural History, Smithsonian Institution. NMNH Fishes. Record ID: http://n2t.net/ark:/65665/3de3a3b9a-fd58-4ee4-950f-0420c52c5027. Source: http://collections.nmnh.si.edu/ipt/resource?r=nmnh_extant_dwc-a (source published on 2016-07-21)","Nototheniidae",NA,"not recorded",NA,"Pacific, Chile",NA,NA,"1970 Apr 26 - 0000 00 00",26,NA,"Fishes",NA,NA,NA,"USNM","Patagonotothen","Actinopterygii",-53.6467,"http://n2t.net/ark:/65665/3de3a3b9a-fd58-4ee4-950f-0420c52c5027",NA,"CC0","Chile",NA,NA,NA,NA,NA,NA,"Patagonotothen","Perciformes","369173",NA,NA,NA,NA,NA,NA,NA,NA,NA,NA,NA,NA,"VertNet",NA,NA,NA,NA,NA,NA,NA,NA,3,NA,"Pacific","Former umo collection.",NA,NA,NA,119,101,NA,"Degrees Minutes Seconds",NA,NA,NA,NA,NA,NA,NA,NA,NA,NA,NA,NA,NA,"472",NA,NA,NA,NA,NA,"0705506W","533848S",NA,NA,NA,NA,NA,NA,NA,NA,NA,NA,NA,NA,NA,NA,NA,NA,NA,NA,NA,NA,NA,NA,NA,NA,NA,NA,NA,NA,NA,NA,NA,NA
"Animalia","Hartel, Karsten E",NA,"Magallanes","MaterialSample",10,-70.1330032,"Chordata","http://portal.vertnet.org/o/ku/kuit?id=1ad2bd44-1479-428a-977d-187968c8b2c8",1994,274,"Family",NA,"University of Kansas Biodiversity Institute. KUBI Ichthyology Tissue Collection. Record ID: 1ad2bd44-1479-428a-977d-187968c8b2c8. Source: http://ipt.nhm.ku.edu:8080/ipt/resource.do?r=kubi_ichthyology_tissue (source published on 2019-08-05)","Nototheniidae",NA,"WGS84",NA,"South America, Chile, Magallanes, Punta Arenas","http://biodiversity.ku.edu/research/university-kansas-biodiversity-institute-data-publication-and-use-norms",NA,"1994-10-01",1,NA,"KUIT",NA,NA,NA,"KU","Nototheniidae","Actinopterygii",-53.1669998,"1ad2bd44-1479-428a-977d-187968c8b2c8","en","http://creativecommons.org/licenses/by/4.0/deed.en_US","Chile",NA,"2011-09-01 12:22:20.0","1994-10-01",NA,NA,"South America",NA,"Perciformes","918",274,NA,"http://grbio.org/cool/iakn-125z",NA,NA,"Marine",NA,"Tissue - 100","KEH94",NA,"Fish market",NA,"VertNet",NA,NA,NA,"Punta Arenas",NA,NA,"No voucher",NA,NA,NA,NA,NA,NA,NA,NA,NA,NA,NA,NA,NA,NA,NA,NA,NA,NA,NA,NA,NA,NA,NA,NA,NA,NA,NA,NA,NA,NA,NA,NA,NA,NA,NA,NA,NA,NA,NA,NA,NA,NA,NA,NA,NA,NA,NA,NA,NA,NA,NA,NA,NA,NA,NA,NA,NA,NA,NA,NA,NA,NA,NA,NA,NA
"Animalia","Hartel, Karsten E",NA,"Magallanes","MaterialSample",10,-70.1330032,"Chordata","http://portal.vertnet.org/o/ku/kuit?id=9d202cb2-20df-4b8c-9f69-82115aeedc30",1994,274,"Family",NA,"University of Kansas Biodiversity Institute. KUBI Ichthyology Tissue Collection. Record ID: 9d202cb2-20df-4b8c-9f69-82115aeedc30. Source: http://ipt.nhm.ku.edu:8080/ipt/resource.do?r=kubi_ichthyology_tissue (source published on 2019-08-05)","Congridae",NA,"WGS84",NA,"South America, Chile, Magallanes, Punta Arenas","http://biodiversity.ku.edu/research/university-kansas-biodiversity-institute-data-publication-and-use-norms",NA,"1994-10-01",1,NA,"KUIT",NA,NA,NA,"KU","Congridae","Actinopterygii",-53.1669998,"9d202cb2-20df-4b8c-9f69-82115aeedc30","en","http://creativecommons.org/licenses/by/4.0/deed.en_US","Chile",NA,"2012-11-12 12:46:06.0","1994-10-01",NA,NA,"South America",NA,"Anguilliformes","929",274,NA,"http://grbio.org/cool/iakn-125z",NA,NA,"Marine",NA,"Tissue - 100","KEH94",NA,"Fish market",NA,"VertNet",NA,NA,NA,"Punta Arenas",NA,NA,NA,NA,NA,NA,NA,NA,NA,NA,NA,NA,NA,NA,NA,NA,NA,NA,NA,NA,NA,NA,NA,NA,NA,NA,NA,NA,NA,NA,NA,NA,NA,NA,NA,NA,NA,NA,NA,NA,NA,NA,NA,NA,NA,NA,NA,NA,NA,NA,NA,NA,NA,NA,NA,NA,NA,NA,NA,NA,NA,NA,NA,NA,NA,NA,NA,NA
"Animalia","John Fitch",NA,NA,"PreservedSpecimen",3,-70.9,"Chordata","http://portal.vertnet.org/o/lacm/fish?id=9dad17d9-752e-4798-a466-3768051e6c41",1966,85,"family",NA,"Natural History Museum of Los Angeles County. LACM Vertebrate Collection. Record ID: 9DAD17D9-752E-4798-A466-3768051E6C41. Source: http://ipt.vertnet.org:8080/ipt/resource.do?r=lacm_verts (source published on 2019-10-03)","Atherinidae","CL","not recorded (forced WGS84)",NA,"Eastern Pacific | Chile | - | - |  |  |  |","http://vertnet.org/resources/norms.html","Eastern Pacific | Chile | - | - | Punta Arenas, on beach","3/26/1966",26,NA,"Fish","present",NA,NA,"LACM","Atherinidae","Actinopterygii",-53.15,"9DAD17D9-752E-4798-A466-3768051E6C41","en","https://creativecommons.org/publicdomain/zero/1.0","Chile","requires verification","2018-10-08","1966-03-26",NA,"ICZN","South America",NA,"Atheriniformes","44141-1",85,NA,"http://biocol.org/urn:lsid:biocol:org:34802",NA,NA,NA,NA,NA,NA,NA,"Punta Arenas, on beach","http://biocol.org/urn:lsid:biocol:org:34804","VertNet",NA,NA,"Estimated latitude/longitude using Encarta World Atlas 2001. No error or extent calculated.  Needs  better georeferencing.",NA,NA,NA,NA,NA,1,"{""length"":""186"" }","South Pacific Ocean",NA,NA,NA,NA,NA,NA,NA,NA,NA,NA,NA,NA,NA,NA,NA,NA,NA,NA,NA,NA,NA,NA,NA,NA,NA,NA,NA,NA,NA,NA,NA,NA,NA,NA,NA,NA,NA,NA,NA,NA,NA,NA,NA,NA,NA,NA,NA,NA,NA,NA,NA,NA,NA,NA,NA,NA,NA,NA,NA,NA,NA
"Animalia","M. Lobell","Animalia, Chordata, Vertebrata, Osteichthyes, Actinopterygii, Neopterygii, Acanthopterygii, Pleuronectiformes, Pleuronectoidei, Paralichthyidae",NA,"PreservedSpecimen",2,-73.48,"Chordata","http://portal.vertnet.org/o/usnm/fishes?id=http-n2t-net-ark-65665-3049c666f-c26c-4fa7-8582-d09256b4b212",1945,NA,NA,NA,"National Museum of Natural History, Smithsonian Institution. NMNH Fishes. Record ID: http://n2t.net/ark:/65665/3049c666f-c26c-4fa7-8582-d09256b4b212. Source: http://collections.nmnh.si.edu/ipt/resource?r=nmnh_extant_dwc-a (source published on 2016-07-21)","Paralichthyidae",NA,"not recorded",NA,"Pacific, Chile",NA,NA,"1945 Feb 05 - 1945 Feb 06",5,NA,"Fishes",NA,NA,NA,"USNM","Paralichthys","Actinopterygii",-42.1417,"http://n2t.net/ark:/65665/3049c666f-c26c-4fa7-8582-d09256b4b212",NA,"CC0","Chile",NA,NA,NA,NA,NA,NA,"Paralichthys","Pleuronectiformes","176515",NA,NA,NA,NA,NA,NA,NA,NA,"U-42-406",NA,"Chile: Quemchi, Chiloe I.",NA,"VertNet",NA,NA,NA,NA,NA,NA,NA,NA,1,NA,"Pacific",NA,NA,NA,NA,NA,NA,NA,"Degrees Minutes Seconds",NA,NA,NA,NA,NA,NA,NA,NA,NA,NA,NA,NA,NA,NA,NA,NA,NA,NA,NA,"07329 W","420830S",NA,NA,NA,NA,NA,NA,NA,NA,NA,NA,NA,NA,NA,NA,NA,NA,NA,NA,NA,NA,NA,NA,NA,NA,NA,NA,NA,NA,NA,NA,NA,NA
"Animalia","M. Lobell","Animalia, Chordata, Vertebrata, Osteichthyes, Actinopterygii, Neopterygii, Acanthopterygii, Pleuronectiformes, Pleuronectoidei, Paralichthyidae",NA,"PreservedSpecimen",1,-72.77,"Chordata","http://portal.vertnet.org/o/usnm/fishes?id=http-n2t-net-ark-65665-31e963589-a031-4e47-812b-b42d3c8aa08c",1945,NA,NA,NA,"National Museum of Natural History, Smithsonian Institution. NMNH Fishes. Record ID: http://n2t.net/ark:/65665/31e963589-a031-4e47-812b-b42d3c8aa08c. Source: http://collections.nmnh.si.edu/ipt/resource?r=nmnh_extant_dwc-a (source published on 2016-07-21)","Paralichthyidae",NA,"not recorded",NA,"Pacific, Chile",NA,NA,"1945 Jan 22 - 0000 00 00",22,NA,"Fishes",NA,NA,NA,"USNM","Paralichthys","Actinopterygii",-42.48,"http://n2t.net/ark:/65665/31e963589-a031-4e47-812b-b42d3c8aa08c",NA,"CC0","Chile",NA,NA,NA,NA,NA,NA,"Paralichthys","Pleuronectiformes","176518",NA,NA,NA,NA,NA,NA,NA,NA,"U-42-363; U-42-362",NA,"Chile: Castro Bay",NA,"VertNet",NA,NA,NA,NA,NA,NA,NA,NA,3,NA,"Pacific",NA,NA,NA,NA,NA,NA,NA,"Degrees Minutes Seconds",NA,NA,NA,NA,NA,NA,NA,NA,NA,NA,NA,NA,NA,NA,NA,NA,NA,NA,NA,"07246 W","4229 S",NA,NA,NA,NA,NA,NA,NA,NA,NA,NA,NA,NA,NA,NA,NA,NA,NA,NA,NA,NA,NA,NA,NA,NA,NA,NA,NA,NA,NA,NA,NA,NA
"Animalia","M. Lobell","Animalia, Chordata, Vertebrata, Osteichthyes, Actinopterygii, Neopterygii, Acanthopterygii, Pleuronectiformes, Pleuronectoidei, Paralichthyidae",NA,"PreservedSpecimen",1,-73.1,"Chordata","http://portal.vertnet.org/o/usnm/fishes?id=http-n2t-net-ark-65665-331fc6866-ccc1-4416-b14d-0cd18b5e4f8c",1945,NA,NA,NA,"National Museum of Natural History, Smithsonian Institution. NMNH Fishes. Record ID: http://n2t.net/ark:/65665/331fc6866-ccc1-4416-b14d-0cd18b5e4f8c. Source: http://collections.nmnh.si.edu/ipt/resource?r=nmnh_extant_dwc-a (source published on 2016-07-21)","Paralichthyidae",NA,"not recorded",NA,"Pacific, Chile",NA,NA,"1945 Jan 20 - 0000 00 00",20,NA,"Fishes",NA,NA,NA,"USNM","Paralichthys","Actinopterygii",-41.9,"http://n2t.net/ark:/65665/331fc6866-ccc1-4416-b14d-0cd18b5e4f8c",NA,"CC0","Chile",NA,NA,NA,NA,NA,NA,"Paralichthys","Pleuronectiformes","176599",NA,NA,NA,NA,NA,NA,NA,NA,"U-42-347; U-42-343; U-42-344",NA,"Chile: Bahia Lin",NA,"VertNet",NA,NA,NA,NA,NA,NA,NA,NA,1,NA,"Pacific",NA,NA,NA,NA,NA,NA,NA,"Degrees Minutes Seconds",NA,NA,NA,NA,NA,NA,NA,NA,NA,NA,NA,NA,NA,NA,NA,NA,NA,NA,NA,"07306 W","4154 S",NA,NA,NA,NA,NA,NA,NA,NA,NA,NA,NA,NA,NA,NA,NA,NA,NA,NA,NA,NA,NA,NA,NA,NA,NA,NA,NA,NA,NA,NA,NA,NA
"Animalia","M. Lobell","Animalia, Chordata, Vertebrata, Osteichthyes, Actinopterygii, Neopterygii, Acanthopterygii, Atheriniformes, Atherinopsidae, Atherinopsinae",NA,"PreservedSpecimen",1,-72.77,"Chordata","http://portal.vertnet.org/o/usnm/fishes?id=http-n2t-net-ark-65665-36102ecb3-173d-4bcc-8f7b-b63d3aeb48c2",1945,NA,NA,NA,"National Museum of Natural History, Smithsonian Institution. NMNH Fishes. Record ID: http://n2t.net/ark:/65665/36102ecb3-173d-4bcc-8f7b-b63d3aeb48c2. Source: http://collections.nmnh.si.edu/ipt/resource?r=nmnh_extant_dwc-a (source published on 2016-07-21)","Atherinopsidae",NA,"not recorded",NA,"Pacific, Chile",NA,NA,"1945 Jan 20 - 0000 00 00",20,NA,"Fishes",NA,NA,NA,"USNM","Odontesthes","Actinopterygii",-42.48,"http://n2t.net/ark:/65665/36102ecb3-173d-4bcc-8f7b-b63d3aeb48c2",NA,"CC0","Chile",NA,NA,NA,NA,NA,NA,"Odontesthes","Atheriniformes","176568",NA,NA,NA,NA,NA,NA,NA,NA,"U 42 356",NA,"Chile: Castro",NA,"VertNet",NA,NA,NA,NA,NA,NA,NA,NA,22,NA,"Pacific",NA,NA,NA,NA,NA,NA,NA,"Degrees Minutes Seconds",NA,NA,NA,NA,NA,NA,NA,NA,NA,NA,NA,NA,NA,NA,NA,NA,NA,NA,NA,"07246 W","4229 S",NA,NA,NA,NA,NA,NA,NA,NA,NA,NA,NA,NA,NA,NA,NA,NA,NA,NA,NA,NA,NA,NA,NA,NA,NA,NA,NA,NA,NA,NA,NA,NA
"Animalia","H. Fehlmann","Animalia, Chordata, Vertebrata, Osteichthyes, Actinopterygii, Neopterygii, Acanthopterygii, Perciformes, Notothenioidei, Nototheniidae",NA,"PreservedSpecimen",4,-70.4167,"Chordata","http://portal.vertnet.org/o/usnm/fishes?id=http-n2t-net-ark-65665-39d43fee3-5680-4b76-944a-0a3d4b77ef1b",1970,NA,NA,NA,"National Museum of Natural History, Smithsonian Institution. NMNH Fishes. Record ID: http://n2t.net/ark:/65665/39d43fee3-5680-4b76-944a-0a3d4b77ef1b. Source: http://collections.nmnh.si.edu/ipt/resource?r=nmnh_extant_dwc-a (source published on 2016-07-21)","Nototheniidae",NA,"not recorded",NA,"Pacific, Chile",NA,NA,"1970 Apr 28 - 0000 00 00",28,NA,"Fishes",NA,NA,NA,"USNM","Patagonotothen","Actinopterygii",-53.8217,"http://n2t.net/ark:/65665/39d43fee3-5680-4b76-944a-0a3d4b77ef1b",NA,"CC0","Chile",NA,NA,NA,NA,NA,NA,"Patagonotothen","Perciformes","369178",NA,NA,NA,NA,NA,NA,NA,NA,NA,NA,NA,NA,"VertNet",NA,NA,NA,NA,NA,NA,NA,NA,2,NA,"Pacific","Former umo collection.",NA,NA,NA,29,13,NA,"Degrees Minutes Seconds",NA,NA,NA,NA,NA,NA,NA,NA,NA,NA,NA,NA,NA,"488",NA,NA,NA,NA,NA,"0702500W","534918S",NA,NA,NA,NA,NA,NA,NA,NA,NA,NA,NA,NA,NA,NA,NA,NA,NA,NA,NA,NA,NA,NA,NA,NA,NA,NA,NA,NA,NA,NA,NA,NA
"Animalia","H. Fehlmann","Animalia, Chordata, Vertebrata, Osteichthyes, Actinopterygii, Neopterygii, Acanthopterygii, Perciformes, Notothenioidei, Nototheniidae",NA,"PreservedSpecimen",4,-69.6583,"Chordata","http://portal.vertnet.org/o/usnm/fishes?id=http-n2t-net-ark-65665-3a16ccf6f-a1f7-42ed-aa53-09e8866a297b",1970,NA,NA,NA,"National Museum of Natural History, Smithsonian Institution. NMNH Fishes. Record ID: http://n2t.net/ark:/65665/3a16ccf6f-a1f7-42ed-aa53-09e8866a297b. Source: http://collections.nmnh.si.edu/ipt/resource?r=nmnh_extant_dwc-a (source published on 2016-07-21)","Nototheniidae",NA,"not recorded",NA,"Pacific, Chile",NA,NA,"1970 Apr 27 - 0000 00 00",27,NA,"Fishes",NA,NA,NA,"USNM","Patagonotothen","Actinopterygii",-53.5,"http://n2t.net/ark:/65665/3a16ccf6f-a1f7-42ed-aa53-09e8866a297b",NA,"CC0","Chile",NA,NA,NA,NA,NA,NA,"Patagonotothen","Perciformes","369174",NA,NA,NA,NA,NA,NA,NA,NA,NA,NA,NA,NA,"VertNet",NA,NA,NA,NA,NA,NA,NA,NA,4,NA,"Pacific","Former umo collection.",NA,NA,NA,53,51,NA,"Degrees Minutes Seconds",NA,NA,NA,NA,NA,NA,NA,NA,NA,NA,NA,NA,NA,"483",NA,NA,NA,NA,NA,"0693930W","5330 S",NA,NA,NA,NA,NA,NA,NA,NA,NA,NA,NA,NA,NA,NA,NA,NA,NA,NA,NA,NA,NA,NA,NA,NA,NA,NA,NA,NA,NA,NA,NA,NA
"Animalia","M. Lobell","Animalia, Chordata, Vertebrata, Osteichthyes, Actinopterygii, Neopterygii, Acanthopterygii, Atheriniformes, Atherinopsidae, Atherinopsinae",NA,"PreservedSpecimen",2,-73.62,"Chordata","http://portal.vertnet.org/o/usnm/fishes?id=http-n2t-net-ark-65665-3aaed69e8-39af-4416-908b-d5ec273c439c",1945,NA,NA,NA,"National Museum of Natural History, Smithsonian Institution. NMNH Fishes. Record ID: http://n2t.net/ark:/65665/3aaed69e8-39af-4416-908b-d5ec273c439c. Source: http://collections.nmnh.si.edu/ipt/resource?r=nmnh_extant_dwc-a (source published on 2016-07-21)","Atherinopsidae",NA,"not recorded",NA,"Pacific, Chile",NA,NA,"1945 Feb 02 - 1945 Feb 03",2,NA,"Fishes",NA,NA,NA,"USNM","Austromenidia","Actinopterygii",-43.13,"http://n2t.net/ark:/65665/3aaed69e8-39af-4416-908b-d5ec273c439c",NA,"CC0","Chile",NA,NA,NA,NA,NA,NA,"Austromenidia","Atheriniformes","176552",NA,NA,NA,NA,NA,NA,NA,NA,"U-42-398",NA,"Chile: Quellon(Chiloe I.)",NA,"VertNet",NA,NA,NA,NA,NA,NA,NA,NA,15,NA,"Pacific","Ledger states 17 original spms but there are only 15 in jar. dipnet alongside ship.",NA,NA,NA,NA,NA,NA,"Degrees Minutes Seconds",NA,NA,NA,NA,NA,NA,NA,NA,NA,NA,NA,NA,NA,NA,NA,NA,NA,NA,NA,"07337 W","4308 S",NA,NA,NA,NA,NA,NA,NA,NA,NA,NA,NA,NA,NA,NA,NA,NA,NA,NA,NA,NA,NA,NA,NA,NA,NA,NA,NA,NA,NA,NA,NA,NA
"Animalia","M. Lobell","Animalia, Chordata, Vertebrata, Osteichthyes, Actinopterygii, Neopterygii, Acanthopterygii, Scorpaeniformes, Sebastidae, Sebastinae",NA,"PreservedSpecimen",1,-72.83,"Chordata","http://portal.vertnet.org/o/usnm/fishes?id=http-n2t-net-ark-65665-3af6af267-224c-4d60-9f0c-664d9501c41f",1945,NA,NA,NA,"National Museum of Natural History, Smithsonian Institution. NMNH Fishes. Record ID: http://n2t.net/ark:/65665/3af6af267-224c-4d60-9f0c-664d9501c41f. Source: http://collections.nmnh.si.edu/ipt/resource?r=nmnh_extant_dwc-a (source published on 2016-07-21)","Sebastidae",NA,"not recorded",NA,"Pacific, Chile",NA,NA,"1945 Jan 23 - 0000 00 00",23,NA,"Fishes",NA,NA,NA,"USNM","Sebastes","Actinopterygii",-43.025,"http://n2t.net/ark:/65665/3af6af267-224c-4d60-9f0c-664d9501c41f",NA,"CC0","Chile",NA,NA,NA,NA,NA,NA,"Sebastes","Scorpaeniformes","176607",NA,NA,NA,NA,NA,NA,NA,NA,"U-42-365",NA,"Chile, Puerto Auchemo",NA,"VertNet",NA,NA,NA,NA,NA,NA,NA,NA,3,NA,"Pacific",NA,NA,NA,NA,NA,NA,NA,"Degrees Minutes Seconds",NA,NA,NA,NA,NA,NA,NA,NA,NA,NA,NA,NA,NA,NA,NA,NA,NA,NA,NA,"07250 W","430130S",NA,NA,NA,NA,NA,NA,NA,NA,NA,NA,NA,NA,NA,NA,NA,NA,NA,NA,NA,NA,NA,NA,NA,NA,NA,NA,NA,NA,NA,NA,NA,NA
"Animalia","M. Lobell & Derris","Animalia, Chordata, Vertebrata, Osteichthyes, Actinopterygii, Neopterygii, Acanthopterygii, Atheriniformes, Atherinopsidae, Atherinopsinae",NA,"PreservedSpecimen",1,-73,"Chordata","http://portal.vertnet.org/o/usnm/fishes?id=http-n2t-net-ark-65665-3c9bdf3bc-f24e-4dec-a934-e42255c1dfba",1945,NA,NA,NA,"National Museum of Natural History, Smithsonian Institution. NMNH Fishes. Record ID: http://n2t.net/ark:/65665/3c9bdf3bc-f24e-4dec-a934-e42255c1dfba. Source: http://collections.nmnh.si.edu/ipt/resource?r=nmnh_extant_dwc-a (source published on 2016-07-21)","Atherinopsidae",NA,"not recorded",NA,"Pacific, Chile",NA,NA,"1945 Jan 24 - 0000 00 00",24,NA,"Fishes",NA,NA,NA,"USNM","Odontesthes","Actinopterygii",-43.62,"http://n2t.net/ark:/65665/3c9bdf3bc-f24e-4dec-a934-e42255c1dfba",NA,"CC0","Chile",NA,NA,NA,NA,NA,NA,"Odontesthes","Atheriniformes","176502",NA,NA,NA,NA,NA,NA,NA,NA,"U 42 378",NA,"Chile: Tictoc Bay",NA,"VertNet",NA,NA,NA,NA,NA,NA,NA,NA,6,NA,"Pacific",NA,NA,NA,NA,NA,NA,NA,"Degrees Minutes Seconds",NA,NA,NA,NA,NA,NA,NA,NA,NA,NA,NA,NA,NA,NA,NA,NA,NA,NA,NA,"07300 W","4337 S",NA,NA,NA,NA,NA,NA,NA,NA,NA,NA,NA,NA,NA,NA,NA,NA,NA,NA,NA,NA,NA,NA,NA,NA,NA,NA,NA,NA,NA,NA,NA,NA
"Animalia","M. Lobell","Animalia, Chordata, Vertebrata, Osteichthyes, Actinopterygii, Neopterygii, Acanthopterygii, Scorpaeniformes, Scorpaenoidei, Scorpaenidae",NA,"PreservedSpecimen",1,-72.83,"Chordata","http://portal.vertnet.org/o/usnm/fishes?id=http-n2t-net-ark-65665-3cf4d3e48-3d71-45dc-9d94-3f7d679f50e9",1945,24,NA,NA,"National Museum of Natural History, Smithsonian Institution. NMNH Fishes. Record ID: http://n2t.net/ark:/65665/3cf4d3e48-3d71-45dc-9d94-3f7d679f50e9. Source: http://collections.nmnh.si.edu/ipt/resource?r=nmnh_extant_dwc-a (source published on 2016-07-21)","Scorpaenidae",NA,"not recorded",NA,"Pacific, Chile",NA,NA,"24 Jan 1945",24,NA,"Fishes",NA,NA,NA,"USNM","Scorpaenidae","Actinopterygii",-43.025,"http://n2t.net/ark:/65665/3cf4d3e48-3d71-45dc-9d94-3f7d679f50e9",NA,"CC0","Chile",NA,NA,"1945-01-24",NA,NA,NA,NA,"Scorpaeniformes","176416",24,NA,NA,NA,NA,NA,NA,NA,"U-42-366",NA,"Chile, Puerto Auchemo",NA,"VertNet",NA,NA,NA,NA,NA,NA,NA,NA,3,NA,"Pacific",NA,NA,NA,NA,NA,NA,NA,"Degrees Minutes Seconds",NA,NA,NA,NA,NA,NA,NA,NA,NA,NA,NA,NA,NA,NA,NA,NA,NA,NA,NA,"07250 W","430130S",NA,NA,NA,NA,NA,NA,NA,NA,NA,NA,NA,NA,NA,NA,NA,NA,NA,NA,NA,NA,NA,NA,NA,NA,NA,NA,NA,NA,NA,NA,NA,NA
"Animalia",NA,"Animalia, Chordata, Vertebrata, Osteichthyes, Actinopterygii, Neopterygii, Acanthopterygii, Perciformes, Notothenioidei, Nototheniidae",NA,"PreservedSpecimen",4,-70.8425,"Chordata","http://portal.vertnet.org/o/usnm/fishes?id=http-n2t-net-ark-65665-3e72d7d28-1b8b-4002-8625-3b1202d0a225",1969,NA,NA,NA,"National Museum of Natural History, Smithsonian Institution. NMNH Fishes. Record ID: http://n2t.net/ark:/65665/3e72d7d28-1b8b-4002-8625-3b1202d0a225. Source: http://collections.nmnh.si.edu/ipt/resource?r=nmnh_extant_dwc-a (source published on 2016-07-21)","Nototheniidae",NA,"not recorded",NA,"Pacific, Chile",NA,NA,"1969 Apr 16 - 0000 00 00",16,NA,"Fishes",NA,NA,NA,"USNM","Patagonotothen","Actinopterygii",-53.5133,"http://n2t.net/ark:/65665/3e72d7d28-1b8b-4002-8625-3b1202d0a225",NA,"CC0","Chile",NA,NA,NA,NA,NA,NA,"Patagonotothen","Perciformes","369881",NA,NA,NA,NA,NA,NA,NA,NA,NA,NA,"At Punta Sta. Ana Peninsula De Brunswick, Chile From High Sub-Tidal.",NA,"VertNet",NA,NA,NA,NA,NA,NA,NA,NA,2,NA,"Pacific","Former umo collection.",NA,NA,NA,1,0,NA,"Degrees Minutes Seconds",NA,NA,NA,NA,NA,NA,NA,NA,NA,NA,NA,NA,NA,"69-6A",NA,NA,NA,NA,NA,"0705033W","533048S",NA,NA,NA,NA,NA,NA,NA,NA,NA,NA,NA,NA,NA,NA,NA,NA,NA,NA,NA,NA,NA,NA,NA,NA,NA,NA,NA,NA,NA,NA,NA,NA
"Animalia","H. Fehlmann","Animalia, Chordata, Vertebrata, Osteichthyes, Actinopterygii, Neopterygii, Acanthopterygii, Perciformes, Notothenioidei, Nototheniidae",NA,"PreservedSpecimen",4,-70.925,"Chordata","http://portal.vertnet.org/o/usnm/fishes?id=http-n2t-net-ark-65665-3ea0cf89c-3e80-4d12-9020-d9fd3a439a2d",1970,NA,NA,NA,"National Museum of Natural History, Smithsonian Institution. NMNH Fishes. Record ID: http://n2t.net/ark:/65665/3ea0cf89c-3e80-4d12-9020-d9fd3a439a2d. Source: http://collections.nmnh.si.edu/ipt/resource?r=nmnh_extant_dwc-a (source published on 2016-07-21)","Nototheniidae",NA,"not recorded",NA,"Atlantic, Argentina",NA,NA,"1970 Apr 25 - 0000 00 00",25,NA,"Fishes",NA,NA,NA,"USNM","Nototheniidae","Actinopterygii",-53.65,"http://n2t.net/ark:/65665/3ea0cf89c-3e80-4d12-9020-d9fd3a439a2d",NA,"CC0","Argentina",NA,NA,NA,NA,NA,NA,NA,"Perciformes","370738",NA,NA,NA,NA,NA,NA,NA,NA,NA,NA,NA,NA,"VertNet",NA,NA,NA,NA,NA,NA,NA,NA,1,NA,"Atlantic",NA,NA,NA,NA,20,20,NA,"Degrees Minutes Seconds",NA,NA,NA,NA,NA,NA,NA,NA,NA,NA,NA,NA,NA,"466",NA,NA,NA,NA,NA,"0705530W","5339 S",NA,NA,NA,NA,NA,NA,NA,NA,NA,NA,NA,NA,NA,NA,NA,NA,NA,NA,NA,NA,NA,NA,NA,NA,NA,NA,NA,NA,NA,NA,NA,NA
"Animalia","H. Fehlmann","Animalia, Chordata, Vertebrata, Osteichthyes, Actinopterygii, Neopterygii, Acanthopterygii, Perciformes, Notothenioidei, Nototheniidae",NA,"PreservedSpecimen",4,-70.9233,"Chordata","http://portal.vertnet.org/o/usnm/fishes?id=http-n2t-net-ark-65665-3ec2183a6-e99a-49dd-92b4-986671b4d17a",1970,NA,NA,NA,"National Museum of Natural History, Smithsonian Institution. NMNH Fishes. Record ID: http://n2t.net/ark:/65665/3ec2183a6-e99a-49dd-92b4-986671b4d17a. Source: http://collections.nmnh.si.edu/ipt/resource?r=nmnh_extant_dwc-a (source published on 2016-07-21)","Nototheniidae",NA,"not recorded",NA,"Atlantic, Argentina",NA,NA,"1970 Apr 25 - 0000 00 00",25,NA,"Fishes",NA,NA,NA,"USNM","Nototheniidae","Actinopterygii",-53.5524,"http://n2t.net/ark:/65665/3ec2183a6-e99a-49dd-92b4-986671b4d17a",NA,"CC0","Argentina",NA,NA,NA,NA,NA,NA,NA,"Perciformes","370782",NA,NA,NA,NA,NA,NA,NA,NA,NA,NA,NA,NA,"VertNet",NA,NA,NA,NA,NA,NA,NA,NA,2,NA,"Atlantic",NA,NA,NA,NA,42,38,NA,"Degrees Minutes Seconds",NA,NA,NA,NA,NA,NA,NA,NA,NA,NA,NA,NA,NA,"468",NA,NA,NA,NA,NA,"0705524W","533918S",NA,NA,NA,NA,NA,NA,NA,NA,NA,NA,NA,NA,NA,NA,NA,NA,NA,NA,NA,NA,NA,NA,NA,NA,NA,NA,NA,NA,NA,NA,NA,NA
"Animalia","H. Fehlmann","Animalia, Chordata, Vertebrata, Osteichthyes, Actinopterygii, Neopterygii, Acanthopterygii, Perciformes, Notothenioidei, Nototheniidae",NA,"PreservedSpecimen",4,-70.925,"Chordata","http://portal.vertnet.org/o/usnm/fishes?id=http-n2t-net-ark-65665-3f647c203-c0b5-4184-9101-b09c1a5c8c12",1970,NA,NA,NA,"National Museum of Natural History, Smithsonian Institution. NMNH Fishes. Record ID: http://n2t.net/ark:/65665/3f647c203-c0b5-4184-9101-b09c1a5c8c12. Source: http://collections.nmnh.si.edu/ipt/resource?r=nmnh_extant_dwc-a (source published on 2016-07-21)","Nototheniidae",NA,"not recorded",NA,"Atlantic, Argentina",NA,NA,"1970 Apr 25 - 0000 00 00",25,NA,"Fishes",NA,NA,NA,"USNM","Patagonotothen","Actinopterygii",-53.65,"http://n2t.net/ark:/65665/3f647c203-c0b5-4184-9101-b09c1a5c8c12",NA,"CC0","Argentina",NA,NA,NA,NA,NA,NA,"Patagonotothen","Perciformes","369882",NA,NA,NA,NA,NA,NA,NA,NA,NA,NA,NA,NA,"VertNet",NA,NA,NA,NA,NA,NA,NA,NA,2,NA,"Atlantic","Former umo collection.",NA,NA,NA,20,20,NA,"Degrees Minutes Seconds",NA,NA,NA,NA,NA,NA,NA,NA,NA,NA,NA,NA,NA,"466",NA,NA,NA,NA,NA,"0705530W","5339 S",NA,NA,NA,NA,NA,NA,NA,NA,NA,NA,NA,NA,NA,NA,NA,NA,NA,NA,NA,NA,NA,NA,NA,NA,NA,NA,NA,NA,NA,NA,NA,NA
"Animalia","M. Lobell","Animalia, Chordata, Vertebrata, Osteichthyes, Actinopterygii, Neopterygii, Acanthopterygii, Scorpaeniformes, Scorpaenoidei, Scorpaenidae",NA,"PreservedSpecimen",1,-73.5,"Chordata","http://portal.vertnet.org/o/usnm/fishes?id=http-n2t-net-ark-65665-3fc358c56-3a1e-46c3-bc29-e0d29df49148",1945,25,NA,NA,"National Museum of Natural History, Smithsonian Institution. NMNH Fishes. Record ID: http://n2t.net/ark:/65665/3fc358c56-3a1e-46c3-bc29-e0d29df49148. Source: http://collections.nmnh.si.edu/ipt/resource?r=nmnh_extant_dwc-a (source published on 2016-07-21)","Scorpaenidae",NA,"not recorded",NA,"Pacific, Chile",NA,NA,"25 Jan 1945",25,NA,"Fishes",NA,NA,NA,"USNM","Scorpaenidae","Actinopterygii",-45.175,"http://n2t.net/ark:/65665/3fc358c56-3a1e-46c3-bc29-e0d29df49148",NA,"CC0","Chile",NA,NA,"1945-01-25",NA,NA,NA,NA,"Scorpaeniformes","176606",25,NA,NA,NA,NA,NA,NA,NA,"U-42-382",NA,"Huichas Island",NA,"VertNet",NA,NA,NA,NA,NA,NA,NA,NA,3,NA,"Pacific",NA,NA,NA,NA,NA,NA,NA,"Degrees Minutes Seconds",NA,NA,NA,NA,NA,NA,NA,NA,NA,NA,NA,NA,NA,NA,NA,NA,NA,NA,NA,"73 30  W","45 10 30 S",NA,NA,NA,NA,NA,NA,NA,NA,NA,NA,NA,NA,NA,NA,NA,NA,NA,NA,NA,NA,NA,NA,NA,NA,NA,NA,NA,NA,NA,NA,NA,NA
"Animalia","M. Lobell","Animalia, Chordata, Vertebrata, Osteichthyes, Actinopterygii, Neopterygii, Acanthopterygii, Pleuronectiformes, Pleuronectoidei, Paralichthyidae",NA,"PreservedSpecimen",2,-73.13,"Chordata","http://portal.vertnet.org/o/usnm/fishes?id=http-n2t-net-ark-65665-3ff09a3ff-4680-4829-9d0e-15707b3b74a9",1945,NA,NA,NA,"National Museum of Natural History, Smithsonian Institution. NMNH Fishes. Record ID: http://n2t.net/ark:/65665/3ff09a3ff-4680-4829-9d0e-15707b3b74a9. Source: http://collections.nmnh.si.edu/ipt/resource?r=nmnh_extant_dwc-a (source published on 2016-07-21)","Paralichthyidae",NA,"not recorded",NA,"Pacific, Chile",NA,NA,"1945 Feb 07 - 1945 Feb 08",7,NA,"Fishes",NA,NA,NA,"USNM","Paralichthys","Actinopterygii",-41.775,"http://n2t.net/ark:/65665/3ff09a3ff-4680-4829-9d0e-15707b3b74a9",NA,"CC0","Chile",NA,NA,NA,NA,NA,NA,"Paralichthys","Pleuronectiformes","176589",NA,NA,NA,NA,NA,NA,NA,NA,"U-42-414",NA,"Chile: Calbuco",NA,"VertNet",NA,NA,NA,NA,NA,NA,NA,NA,3,NA,"Pacific",NA,NA,NA,NA,NA,NA,NA,"Degrees Minutes Seconds",NA,NA,NA,NA,NA,NA,NA,NA,NA,NA,NA,NA,NA,NA,NA,NA,NA,NA,NA,"07308 W","414630S",NA,NA,NA,NA,NA,NA,NA,NA,NA,NA,NA,NA,NA,NA,NA,NA,NA,NA,NA,NA,NA,NA,NA,NA,NA,NA,NA,NA,NA,NA,NA,NA
"Animalia",NA,"Animalia; Chordata; Vertebrata; Gnathostomata [vertebrate]; Actinopterygii; Neopterygii-Teleostei-Euteleostei; Acanthopterygii-Percomorpha; Scorpaeniformes; Scorpaenoidei; Scorpaenidae; Scorpaeninae",NA,"PreservedSpecimen",1,-73,"Chordata","http://collections.peabody.yale.edu/search/Record/YPM-ICH-009313",1935,18,"Genus",NA,"Yale Peabody Museum. Vertebrate Zoology Division - Ichthyology, Yale Peabody Museum. Record ID: urn:uuid:005f5783-dd67-4de1-bc93-a0477eebb988. Source: http://ipt.peabody.yale.edu/ipt/resource.do?r=ipt_vz_ich (source published on 2017-10-22)","Scorpaenidae",NA,"not recorded",NA,"South America; Pacific Ocean; Chile; Gulfo de Ancud","Open Access, http://creativecommons.org/publicdomain/zero/1.0/; see Yale Peabody policies at: http://hdl.handle.net/10079/8931zqj",NA,"1935-01-18",18,NA,"VZ",NA,NA,NA,"YPM","Sebastes","Actinopterygii",-42,"urn:uuid:005f5783-dd67-4de1-bc93-a0477eebb988","en","http://creativecommons.org/publicdomain/zero/1.0/","Chile",NA,"2016-03-04T13:06:31.000Z","1935-01-18","J. A. Moore","ICZN","South America","Sebastes","Scorpaeniformes","YPM ICH 009313",18,NA,NA,"unspecified",NA,NA,NA,"10% form.->70% alc.; cleared & stained",NA,"unspecified","Maillen Island, 9 miles from Puerto Montt",NA,"VertNet","Cuvier, 1829",NA,NA,NA,"Det. by: J. A. Moore",NA,NA,NA,1,"{ ""solr_long_lat"": ""-73,-42"" }","Pacific Ocean","number 9313; lot count 1",NA,NA,"6-6 fm",11,11,NA,NA,NA,NA,NA,"YPM",NA,"Yale Peabody Museum of Natural History",NA,"Gulfo de Ancud","firefishes; mail-cheeked fishes; ray-finned fishes; vertebrates; chordates; animals","Sebastes",NA,NA,NA,NA,NA,NA,NA,NA,NA,NA,NA,NA,NA,NA,NA,NA,NA,NA,NA,NA,NA,NA,NA,NA,NA,NA,NA,NA,NA,NA,NA,NA,NA,NA,NA,NA,NA,NA,NA,NA,NA,NA,NA
"Animalia",NA,"Animalia; Chordata; Vertebrata; Gnathostomata [vertebrate]; Actinopterygii; Neopterygii-Teleostei-Euteleostei; Acanthopterygii-Percomorpha; Perciformes; Blennioidei; Clinidae",NA,"PreservedSpecimen",1,-73,"Chordata","http://collections.peabody.yale.edu/search/Record/YPM-ICH-016854",1934,17,"Family",NA,"Yale Peabody Museum. Vertebrate Zoology Division - Ichthyology, Yale Peabody Museum. Record ID: urn:uuid:d48c0949-7c2f-4b61-b000-610dda76f943. Source: http://ipt.peabody.yale.edu/ipt/resource.do?r=ipt_vz_ich (source published on 2017-10-22)","Clinidae",NA,"not recorded",NA,"South America; Pacific Ocean; Chile; Gulfo de Ancud","Open Access, http://creativecommons.org/publicdomain/zero/1.0/; see Yale Peabody policies at: http://hdl.handle.net/10079/8931zqj",NA,"1934-01-17/1934-01-18",17,NA,"VZ",NA,NA,NA,"YPM","Clinidae","Actinopterygii",-42,"urn:uuid:d48c0949-7c2f-4b61-b000-610dda76f943","en","http://creativecommons.org/publicdomain/zero/1.0/","Chile",NA,"2016-03-04T13:06:31.000Z","1934-01-17","Jon A. Moore","ICZN","South America",NA,"Perciformes","YPM ICH 016854",17,NA,NA,"unspecified",NA,NA,NA,"10% form.->70% alc.",NA,"unspecified","Maillen Island, 9 miles from Puerto Montt",NA,"VertNet",NA,NA,NA,NA,"Det. by: Jon A. Moore",NA,NA,NA,5,"{ ""solr_long_lat"": ""-73,-42"" }","Pacific Ocean","number 16854; lot count 5",NA,NA,"6-6 fm",11,11,NA,NA,NA,NA,NA,"YPM",NA,"Yale Peabody Museum of Natural History",NA,"Gulfo de Ancud","clinids; blennies; perch-like fishes; ray-finned fishes; vertebrates; chordates; animals","Clinidae",NA,NA,NA,NA,NA,NA,NA,NA,NA,NA,NA,NA,NA,NA,NA,NA,NA,NA,NA,NA,NA,NA,NA,NA,NA,NA,NA,NA,NA,NA,NA,NA,NA,NA,NA,NA,NA,NA,NA,NA,NA,NA,NA
